0 0.6238461538461538 0.37513061650992685 0.06692307692307692 0.08881922675026123
0 0.5584615384615385 0.3594566353187043 0.06076923076923077 0.08881922675026123
0 0.5107692307692308 0.5193312434691745 0.09 0.10240334378265413
0 0.3176923076923077 0.4608150470219436 0.07615384615384616 0.08254963427377221
0 0.7407692307692307 0.30929989550679204 0.07307692307692308 0.08254963427377221
0 0.6276923076923077 0.2831765935214211 0.07461538461538461 0.09508881922675026
0 0.40076923076923077 0.3730407523510972 0.07615384615384616 0.08986415882967608
0 0.6607692307692308 0.445141065830721 0.08692307692307692 0.06478578892371996
0 0.7023076923076923 0.3719958202716823 0.07615384615384616 0.10762800417972831
0 0.5923076923076923 0.5182863113897597 0.07 0.09926854754440961
0 0.5861538461538461 0.21839080459770116 0.07307692307692308 0.055381400208986416
0 0.4169230769230769 0.47335423197492166 0.07769230769230769 0.08986415882967608
