0 0.52890625 0.38797169811320753 0.0953125 0.14268867924528303
0 0.4609375 0.6804245283018868 0.125 0.18867924528301888
0 0.55234375 0.5754716981132075 0.1109375 0.16981132075471697
0 0.3671875 0.4209905660377358 0.0875 0.13561320754716982
0 0.209375 0.4410377358490566 0.109375 0.13561320754716982
0 0.45078125 0.4858490566037736 0.1046875 0.14976415094339623
0 0.6296875 0.1214622641509434 0.078125 0.10259433962264151
0 0.36015625 0.5990566037735849 0.1203125 0.16627358490566038
0 0.4453125 0.3278301886792453 0.090625 0.12853773584905662
0 0.63046875 0.4716981132075472 0.1109375 0.14504716981132076
0 0.68984375 0.38443396226415094 0.1078125 0.13797169811320756
0 0.49609375 0.14386792452830188 0.0703125 0.10141509433962265
0 0.51171875 0.25589622641509435 0.0828125 0.11556603773584906
0 0.434375 0.21108490566037735 0.08125 0.09787735849056604
0 0.71171875 0.16981132075471697 0.0828125 0.10849056603773585
0 0.5546875 0.08490566037735849 0.075 0.09316037735849056
0 0.59375 0.30778301886792453 0.090625 0.12264150943396226
0 0.36328125 0.2783018867924528 0.0828125 0.11674528301886793
0 0.28828125 0.357311320754717 0.0828125 0.125
0 0.27890625 0.5200471698113207 0.1078125 0.14504716981132076
0 0.56796875 0.1875 0.0765625 0.10377358490566038
0 0.65 0.23231132075471697 0.0875 0.1179245283018868
