0 0.6 0.384 0.072 0.072
0 0.372 0.384 0.086 0.08266666666666667
0 0.52 0.4106666666666667 0.074 0.07733333333333334
0 0.338 0.4666666666666667 0.086 0.096
0 0.258 0.6746666666666666 0.1 0.12
0 0.678 0.368 0.074 0.06933333333333333
0 0.452 0.36 0.074 0.06933333333333333
0 0.498 0.496 0.08 0.088
0 0.558 0.6666666666666666 0.096 0.09866666666666667
0 0.442 0.43466666666666665 0.08 0.08533333333333333
0 0.304 0.5653333333333334 0.098 0.10133333333333333
0 0.338 0.7546666666666667 0.114 0.12
0 0.372 0.6373333333333333 0.104 0.12
0 0.666 0.43466666666666665 0.082 0.08266666666666667
0 0.754 0.41333333333333333 0.078 0.06933333333333333
0 0.46 0.712 0.096 0.10133333333333333
0 0.658 0.6213333333333333 0.102 0.096
0 0.272 0.4186666666666667 0.076 0.08533333333333333
0 0.66 0.5226666666666666 0.09 0.09866666666666667
0 0.532 0.33866666666666667 0.072 0.06933333333333333
0 0.474 0.6 0.102 0.12
0 0.58 0.464 0.082 0.08266666666666667
0 0.404 0.5306666666666666 0.09 0.112
0 0.572 0.5546666666666666 0.086 0.10933333333333334
0 0.608 0.31733333333333336 0.072 0.06666666666666667
0 0.234 0.5066666666666667 0.092 0.10933333333333334
0 0.686 0.30666666666666664 0.072 0.06133333333333333
0 0.75 0.49066666666666664 0.092 0.09066666666666667
0 0.754 0.5786666666666667 0.096 0.09866666666666667
0 0.848 0.5573333333333333 0.102 0.08266666666666667
