0 0.6875 0.21626984126984128 0.15922619047619047 0.20767195767195767
0 0.44915674603174605 0.2873677248677249 0.2140376984126984 0.21858465608465608
0 0.8201884920634921 0.39451058201058203 0.17485119047619047 0.23875661375661375
0 0.6436011904761905 0.43187830687830686 0.17485119047619047 0.2328042328042328
0 0.7584325396825397 0.6372354497354498 0.19518849206349206 0.23743386243386244
0 0.484375 0.746031746031746 0.20610119047619047 0.2857142857142857
0 0.453125 0.4973544973544973 0.16865079365079366 0.20767195767195767
0 0.1359126984126984 0.6755952380952381 0.171875 0.25462962962962965
0 0.26860119047619047 0.1841931216931217 0.5342261904761905 0.3654100529100529
0 0.8224206349206349 0.13955026455026456 0.35466269841269843 0.2701719576719577
