0 0.518 0.33880597014925373 0.193 0.24328358208955222
0 0.105 0.8850746268656716 0.204 0.2253731343283582
0 0.668 0.8611940298507462 0.203 0.2746268656716418
0 0.452 0.8626865671641791 0.201 0.27313432835820894
0 0.867 0.8820895522388059 0.207 0.2298507462686567
0 0.098 0.1373134328358209 0.187 0.2746268656716418
0 0.542 0.07313432835820896 0.198 0.14776119402985075
0 0.26 0.8432835820895522 0.182 0.2865671641791045
0 0.879 0.5149253731343284 0.181 0.291044776119403
0 0.51 0.5925373134328358 0.171 0.25671641791044775
0 0.689 0.5626865671641791 0.214 0.31492537313432833
0 0.106 0.6582089552238806 0.196 0.20746268656716418
0 0.875 0.21044776119402986 0.2 0.29701492537313434
0 0.269 0.30597014925373134 0.201 0.3119402985074627
0 0.31 0.5761194029850746 0.185 0.25223880597014925
0 0.117 0.4208955223880597 0.187 0.282089552238806
0 0.701 0.3164179104477612 0.193 0.1925373134328358
0 0.925 0.7313432835820896 0.15 0.23582089552238805
