0 0.2953020134228188 0.62 0.14317673378076062 0.12166666666666667
0 0.3400447427293065 0.7533333333333333 0.18344519015659955 0.135
0 0.10067114093959731 0.8533333333333334 0.19910514541387025 0.2916666666666667
0 0.09395973154362416 0.415 0.10514541387024609 0.08333333333333333
0 0.2796420581655481 0.5033333333333333 0.1342281879194631 0.10333333333333333
0 0.6711409395973155 0.65 0.15659955257270694 0.105
0 0.727069351230425 0.5883333333333334 0.1476510067114094 0.09333333333333334
0 0.44742729306487694 0.6766666666666666 0.16554809843400448 0.12333333333333334
0 0.26174496644295303 0.41 0.116331096196868 0.07833333333333334
0 0.5212527964205816 0.6 0.14317673378076062 0.11333333333333333
0 0.08277404921700224 0.63 0.15436241610738255 0.12833333333333333
0 0.08277404921700224 0.5133333333333333 0.16331096196868009 0.10833333333333334
0 0.46756152125279643 0.48 0.10961968680089486 0.06333333333333334
0 0.36465324384787473 0.44666666666666666 0.10514541387024609 0.07833333333333334
0 0.5906040268456376 0.5283333333333333 0.1319910514541387 0.095
0 0.4451901565995526 0.4083333333333333 0.0894854586129754 0.07166666666666667
0 0.020134228187919462 0.445 0.040268456375838924 0.055
0 0.40268456375838924 0.5466666666666666 0.10514541387024609 0.11
0 0.9038031319910514 0.525 0.19015659955257272 0.25166666666666665
0 0.5615212527964206 0.43166666666666664 0.14988814317673377 0.1
