0 0.17375 0.36 0.16375 0.19
0 0.57375 0.505 0.16 0.19833333333333333
0 0.79875 0.3383333333333333 0.1575 0.165
0 0.4225 0.855 0.16 0.225
0 0.71625 0.205 0.15125 0.15833333333333333
0 0.34375 0.35333333333333333 0.15 0.17666666666666667
0 0.5675 0.18666666666666668 0.145 0.16666666666666666
0 0.41625 0.20166666666666666 0.15375 0.16666666666666666
0 0.7475 0.8683333333333333 0.16875 0.235
0 0.41 0.5083333333333333 0.16 0.175
0 0.34 0.675 0.15875 0.19666666666666666
0 0.24375 0.505 0.16375 0.18
0 0.81875 0.675 0.16375 0.21166666666666667
0 0.08 0.5183333333333333 0.1575 0.19166666666666668
0 0.58125 0.855 0.16 0.205
0 0.17375 0.6666666666666666 0.16625 0.175
0 0.25375 0.22166666666666668 0.16 0.195
0 0.65375 0.6783333333333333 0.16 0.18333333333333332
0 0.72875 0.5016666666666667 0.14375 0.17333333333333334
0 0.2575 0.8483333333333334 0.1625 0.22333333333333333
0 0.88125 0.49 0.16375 0.17166666666666666
0 0.08375 0.85 0.1625 0.21
0 0.645 0.35333333333333333 0.1475 0.18
0 0.95 0.6666666666666666 0.1 0.18666666666666668
0 0.1075 0.225 0.135 0.17666666666666667
0 0.495 0.6783333333333333 0.1475 0.18833333333333332
0 0.4975 0.33666666666666667 0.1525 0.16
0 0.86125 0.215 0.13875 0.14666666666666667
0 0.91 0.8583333333333333 0.1625 0.20666666666666667
0 0.9375 0.35 0.125 0.15166666666666667
