0 0.6666666666666666 0.14210526315789473 0.09649122807017543 0.10175438596491228
0 0.356140350877193 0.5964912280701754 0.11578947368421053 0.11929824561403508
0 0.6771929824561403 0.26666666666666666 0.10175438596491228 0.10701754385964912
0 0.1824561403508772 0.5842105263157895 0.11578947368421053 0.12105263157894737
0 0.4473684210526316 0.5175438596491229 0.10877192982456141 0.11403508771929824
0 0.5807017543859649 0.20526315789473684 0.11403508771929824 0.11578947368421053
0 0.4421052631578947 0.37719298245614036 0.10701754385964912 0.11754385964912281
0 0.17719298245614035 0.3175438596491228 0.10877192982456141 0.11228070175438597
0 0.7824561403508772 0.5877192982456141 0.11578947368421053 0.11929824561403508
0 0.6807017543859649 0.387719298245614 0.10701754385964912 0.10526315789473684
0 0.43859649122807015 0.13859649122807016 0.10175438596491228 0.1
0 0.2719298245614035 0.14035087719298245 0.09473684210526316 0.10350877192982456
0 0.4421052631578947 0.2543859649122807 0.10175438596491228 0.11403508771929824
0 0.3543859649122807 0.3192982456140351 0.10175438596491228 0.10701754385964912
0 0.8491228070175438 0.26842105263157895 0.10701754385964912 0.10175438596491228
0 0.3543859649122807 0.19649122807017544 0.09824561403508772 0.10701754385964912
0 0.3543859649122807 0.44912280701754387 0.1 0.11754385964912281
0 0.17543859649122806 0.4543859649122807 0.10350877192982456 0.11578947368421053
0 0.7614035087719299 0.3263157894736842 0.10701754385964912 0.11754385964912281
0 0.8666666666666667 0.5228070175438596 0.11052631578947368 0.10175438596491228
0 0.2719298245614035 0.5105263157894737 0.10877192982456141 0.11754385964912281
0 0.5929824561403508 0.45087719298245615 0.10350877192982456 0.11578947368421053
0 0.2649122807017544 0.38070175438596493 0.11052631578947368 0.11929824561403508
0 0.5859649122807018 0.3280701754385965 0.11929824561403508 0.11403508771929824
0 0.775438596491228 0.45087719298245615 0.10350877192982456 0.11754385964912281
0 0.8245614035087719 0.14736842105263157 0.10350877192982456 0.10350877192982456
0 0.6929824561403509 0.5175438596491229 0.12456140350877193 0.11052631578947368
0 0.6105263157894737 0.5912280701754385 0.12631578947368421 0.11754385964912281
0 0.2736842105263158 0.2649122807017544 0.0912280701754386 0.1
0 0.8596491228070176 0.3912280701754386 0.11228070175438597 0.09824561403508772
0 0.7526315789473684 0.20877192982456141 0.09824561403508772 0.10526315789473684
0 0.18947368421052632 0.20350877192982456 0.1 0.10175438596491228
