0 0.09649122807017543 0.6771929824561403 0.18596491228070175 0.22982456140350876
0 0.6701754385964912 0.3649122807017544 0.20877192982456141 0.2
0 0.6736842105263158 0.6719298245614035 0.22631578947368422 0.20526315789473684
0 0.10350877192982456 0.35964912280701755 0.20175438596491227 0.19824561403508772
0 0.7947368421052632 0.23684210526315788 0.19649122807017544 0.1912280701754386
0 0.20175438596491227 0.8596491228070176 0.24035087719298245 0.2578947368421053
0 0.8105263157894737 0.5175438596491229 0.23333333333333334 0.18596491228070175
0 0.38421052631578945 0.6684210526315789 0.22631578947368422 0.22105263157894736
0 0.24736842105263157 0.22456140350877193 0.18771929824561404 0.19824561403508772
0 0.5263157894736842 0.23508771929824562 0.19649122807017544 0.19298245614035087
0 0.856140350877193 0.8526315789473684 0.23684210526315788 0.24210526315789474
0 0.5368421052631579 0.8508771929824561 0.21403508771929824 0.23157894736842105
0 0.3701754385964912 0.3684210526315789 0.1912280701754386 0.20350877192982456
0 0.9192982456140351 0.36140350877192984 0.15964912280701754 0.19824561403508772
0 0.21929824561403508 0.5105263157894737 0.21929824561403508 0.19649122807017544
0 0.5280701754385965 0.5157894736842106 0.2 0.2
0 0.9368421052631579 0.6701754385964912 0.12456140350877193 0.22982456140350876
0 0.031578947368421054 0.21228070175438596 0.06491228070175438 0.14035087719298245
0 0.02280701754385965 0.5 0.042105263157894736 0.14035087719298245
