0 0.4 0.6091549295774648 0.106 0.1
0 0.376 0.5394366197183098 0.09 0.05140845070422535
0 0.5486666666666666 0.5246478873239436 0.08533333333333333 0.059154929577464786
0 0.5006666666666667 0.6323943661971831 0.10133333333333333 0.061971830985915494
0 0.2846666666666667 0.6 0.114 0.08732394366197183
0 0.482 0.5683098591549296 0.08533333333333333 0.06549295774647887
0 0.434 0.4619718309859155 0.08733333333333333 0.04647887323943662
0 0.458 0.5077464788732394 0.092 0.0528169014084507
0 0.4026666666666667 0.6943661971830986 0.106 0.06971830985915493
0 0.37333333333333335 0.671830985915493 0.734 0.6556338028169014
