0 0.41058823529411764 0.29764705882352943 0.08352941176470588 0.07882352941176471
0 0.31529411764705884 0.4411764705882353 0.1 0.0976470588235294
0 0.49529411764705883 0.26235294117647057 0.08352941176470588 0.08352941176470588
0 0.5705882352941176 0.23058823529411765 0.07294117647058823 0.058823529411764705
0 0.4117647058823529 0.38941176470588235 0.09058823529411765 0.09176470588235294
0 0.4964705882352941 0.35058823529411764 0.08705882352941176 0.07764705882352942
0 0.5023529411764706 0.4411764705882353 0.08705882352941176 0.0976470588235294
0 0.32941176470588235 0.26235294117647057 0.08235294117647059 0.07294117647058823
0 0.3247058823529412 0.34941176470588237 0.09058823529411765 0.08705882352941176
0 0.5894117647058823 0.4835294117647059 0.10352941176470588 0.10705882352941176
0 0.5835294117647059 0.38588235294117645 0.08705882352941176 0.08823529411764706
0 0.41411764705882353 0.4894117647058824 0.10705882352941176 0.1011764705882353
0 0.4223529411764706 0.22470588235294117 0.09176470588235294 0.07294117647058823
0 0.571764705882353 0.3023529411764706 0.07647058823529412 0.07411764705882352
0 0.5035294117647059 0.5435294117647059 0.1011764705882353 0.1
0 0.30823529411764705 0.5505882352941176 0.10352941176470588 0.11529411764705882
0 0.6717647058823529 0.44 0.09058823529411765 0.09058823529411765
0 0.6705882352941176 0.34352941176470586 0.09176470588235294 0.07764705882352942
0 0.6564705882352941 0.26 0.09176470588235294 0.07882352941176471
0 0.6882352941176471 0.5458823529411765 0.11176470588235295 0.10352941176470588
0 0.5905882352941176 0.5964705882352941 0.10823529411764705 0.09294117647058824
0 0.41294117647058826 0.5964705882352941 0.10823529411764705 0.09647058823529411
