0 0.5076923076923077 0.19068736141906872 0.1123076923076923 0.1385809312638581
0 0.6407692307692308 0.42350332594235035 0.12307692307692308 0.1607538802660754
0 0.5330769230769231 0.48891352549889133 0.12307692307692308 0.17184035476718404
0 0.40307692307692305 0.25388026607538805 0.1123076923076923 0.14634146341463414
0 0.4146153846153846 0.5620842572062085 0.13538461538461538 0.16518847006651885
0 0.6761538461538461 0.23503325942350334 0.10923076923076923 0.15077605321507762
0 0.46153846153846156 0.3614190687361419 0.12615384615384614 0.14634146341463414
0 0.573076923076923 0.2982261640798226 0.11538461538461539 0.1574279379157428
0 0.3607692307692308 0.7738359201773836 0.14 0.18514412416851442
0 0.29 0.31929046563192903 0.12153846153846154 0.14301552106430154
0 0.35 0.43458980044345896 0.11538461538461539 0.1574279379157428
0 0.2976923076923077 0.6341463414634146 0.13384615384615384 0.15853658536585366
0 0.7476923076923077 0.34811529933481156 0.11538461538461539 0.15853658536585366
0 0.23461538461538461 0.5077605321507761 0.13230769230769232 0.14634146341463414
0 0.6069230769230769 0.6053215077605322 0.12923076923076923 0.14301552106430154
0 0.6123076923076923 0.12638580931263857 0.1123076923076923 0.14301552106430154
0 0.17615384615384616 0.37028824833702884 0.11846153846153847 0.1419068736141907
0 0.4869230769230769 0.6917960088691796 0.13076923076923078 0.14966740576496673
0 0.7153846153846154 0.532150776053215 0.1276923076923077 0.12749445676274945
0 0.8269230769230769 0.4567627494456763 0.12307692307692308 0.1286031042128603
