0 0.566923076923077 0.6265690376569037 0.13384615384615384 0.17573221757322174
0 0.7138461538461538 0.34518828451882844 0.11846153846153847 0.10146443514644352
0 0.7315384615384616 0.446652719665272 0.12615384615384614 0.11506276150627615
0 0.41615384615384615 0.5826359832635983 0.1076923076923077 0.1202928870292887
0 0.5069230769230769 0.32217573221757323 0.09461538461538462 0.11401673640167365
0 0.40692307692307694 0.4560669456066946 0.12923076923076923 0.13179916317991633
0 0.8238461538461539 0.3817991631799163 0.10153846153846154 0.11506276150627615
0 0.7730769230769231 0.23117154811715482 0.08384615384615385 0.1108786610878661
0 0.6907692307692308 0.6098326359832636 0.12923076923076923 0.1600418410041841
0 0.6046153846153847 0.26464435146443516 0.10615384615384615 0.10251046025104603
0 0.9546153846153846 0.36506276150627615 0.09 0.12133891213389121
0 0.8446153846153847 0.4905857740585774 0.10923076923076923 0.09937238493723849
0 0.7015384615384616 0.26778242677824265 0.09307692307692307 0.06485355648535565
0 0.58 0.45502092050209203 0.13846153846153847 0.15376569037656904
0 0.32461538461538464 0.5397489539748954 0.1 0.08577405857740586
0 0.8653846153846154 0.29602510460251047 0.1 0.10564853556485355
0 0.7815384615384615 0.5449790794979079 0.11076923076923077 0.10251046025104603
