0 0.7003663003663003 0.91064453125 0.27912087912087913 0.171875
0 0.8864468864468864 0.482421875 0.21978021978021978 0.1591796875
0 0.6981684981684981 0.71875 0.24615384615384617 0.1748046875
0 0.6879120879120879 0.5537109375 0.21684981684981686 0.14208984375
0 0.2967032967032967 0.55517578125 0.21245421245421245 0.12939453125
0 0.4608058608058608 0.80859375 0.2652014652014652 0.15771484375
0 0.8952380952380953 0.81396484375 0.20293040293040293 0.1875
0 0.6798534798534799 0.19287109375 0.18534798534798536 0.1015625
0 0.473992673992674 0.63330078125 0.21978021978021978 0.1640625
0 0.6857142857142857 0.30224609375 0.18681318681318682 0.1201171875
0 0.48937728937728936 0.48828125 0.19487179487179487 0.123046875
0 0.2571428571428571 0.7109375 0.25274725274725274 0.16845703125
0 0.5091575091575091 0.365234375 0.18681318681318682 0.12158203125
0 0.3311355311355311 0.43017578125 0.2 0.12646484375
0 0.3413919413919414 0.31787109375 0.1824175824175824 0.1044921875
0 0.6871794871794872 0.41943359375 0.2153846153846154 0.1171875
0 0.5194139194139195 0.15771484375 0.16703296703296702 0.10302734375
0 0.19487179487179487 0.26708984375 0.16556776556776556 0.10302734375
0 0.8454212454212454 0.13330078125 0.1728937728937729 0.11083984375
0 0.3663003663003663 0.21240234375 0.16336996336996337 0.109375
0 0.37142857142857144 0.11474609375 0.16556776556776556 0.1015625
0 0.21465201465201464 0.166015625 0.16043956043956045 0.1015625
0 0.16263736263736264 0.375 0.19194139194139195 0.11865234375
0 0.6864468864468865 0.09423828125 0.16996336996336997 0.09814453125
0 0.10036630036630037 0.625 0.20146520146520147 0.14990234375
0 0.2 0.9013671875 0.28424908424908424 0.18408203125
0 0.8673992673992674 0.3505859375 0.21978021978021978 0.1201171875
0 0.13113553113553114 0.49267578125 0.20586080586080585 0.1171875
0 0.8542124542124542 0.2373046875 0.19633699633699633 0.1123046875
0 0.5135531135531135 0.2578125 0.1838827838827839 0.10302734375
0 0.07692307692307693 0.787109375 0.15457875457875458 0.171875
0 0.8908424908424909 0.63818359375 0.2139194139194139 0.1484375
