0 0.37363636363636366 0.4218181818181818 0.10727272727272727 0.10272727272727272
0 0.45 0.5136363636363637 0.10454545454545454 0.09636363636363636
0 0.7027272727272728 0.4209090909090909 0.10272727272727272 0.09818181818181818
0 0.5381818181818182 0.41909090909090907 0.1009090909090909 0.09818181818181818
0 0.6263636363636363 0.3418181818181818 0.10272727272727272 0.1
0 0.7818181818181819 0.34363636363636363 0.10454545454545454 0.09454545454545454
0 0.7063636363636364 0.5772727272727273 0.1009090909090909 0.1009090909090909
0 0.5363636363636364 0.5809090909090909 0.09818181818181818 0.10545454545454545
0 0.2918181818181818 0.34454545454545454 0.1 0.09363636363636364
0 0.4627272727272727 0.3409090909090909 0.09454545454545454 0.1009090909090909
0 0.45545454545454545 0.6572727272727272 0.09818181818181818 0.10272727272727272
0 0.7809090909090909 0.509090909090909 0.10272727272727272 0.1
0 0.3709090909090909 0.5781818181818181 0.09454545454545454 0.1009090909090909
0 0.7790909090909091 0.6545454545454545 0.11818181818181818 0.1
0 0.6254545454545455 0.5045454545454545 0.09818181818181818 0.10545454545454545
0 0.22090909090909092 0.4209090909090909 0.11090909090909092 0.09818181818181818
0 0.2109090909090909 0.5754545454545454 0.10727272727272727 0.10454545454545454
0 0.2963636363636364 0.65 0.10272727272727272 0.1009090909090909
0 0.6209090909090909 0.6572727272727272 0.09818181818181818 0.09636363636363636
0 0.28363636363636363 0.5009090909090909 0.11181818181818182 0.09636363636363636
