0 0.5653809971777987 0.25125 0.16839134524929444 0.09375
0 0.4854186265286924 0.539375 0.16180620884289745 0.10125
0 0.4158043273753528 0.141875 0.12323612417685795 0.09375
0 0.7977422389463782 0.27375 0.1589840075258702 0.104375
0 0.7412982126058325 0.760625 0.16556914393226718 0.10625
0 0.5634995296331138 0.63125 0.1495766698024459 0.084375
0 0.6933207902163687 0.21625 0.10536218250235184 0.091875
0 0.39981185324553153 0.37375 0.14675446848541862 0.091875
0 0.8504233301975541 0.698125 0.11382878645343368 0.090625
0 0.16180620884289745 0.748125 0.13358419567262464 0.1
0 0.5014111006585137 0.44375 0.1523988711194732 0.090625
0 0.5098777046095955 0.731875 0.18814675446848542 0.11375
0 0.5475070555032926 0.335 0.14487300094073377 0.085625
0 0.18344308560677328 0.42375 0.13828786453433678 0.104375
0 0.6933207902163687 0.1175 0.13358419567262464 0.10125
0 0.2539981185324553 0.640625 0.1523988711194732 0.103125
0 0.5014111006585137 0.090625 0.1523988711194732 0.096875
0 0.8410159924741298 0.6175 0.10724365004703669 0.06375
0 0.8156161806208843 0.1875 0.14016933207902163 0.075
0 0.2521166509877705 0.548125 0.15428033866415805 0.08125
0 0.632173095014111 0.49375 0.13358419567262464 0.090625
0 0.2596425211665099 0.085 0.1288805268109125 0.0825
0 0.4045155221072437 0.609375 0.1495766698024459 0.1125
0 0.70931326434619 0.65375 0.1561618062088429 0.104375
0 0.7441204139228599 0.40125 0.15428033866415805 0.09375
0 0.367826904985889 0.510625 0.13734713076199437 0.078125
0 0.19661335841956726 0.15625 0.1213546566321731 0.075
0 0.7441204139228599 0.556875 0.18532455315145813 0.1075
0 0.33490122295390407 0.75 0.15145813734713076 0.10625
0 0.6208842897460018 0.409375 0.09125117591721543 0.08125
0 0.8306679209783632 0.833125 0.13734713076199437 0.079375
0 0.5691439322671684 0.16125 0.1288805268109125 0.079375
0 0.8033866415804327 0.108125 0.10442144873000941 0.07625
0 0.6792097836312324 0.331875 0.1213546566321731 0.079375
0 0.3819379115710254 0.275625 0.1702728127939793 0.098125
0 0.5399811853245532 0.820625 0.14675446848541862 0.0825
0 0.5973659454374413 0.56 0.08278457196613359 0.060625
0 0.3264346190028222 0.450625 0.1495766698024459 0.085625
