0 0.28046875 0.6958333333333333 0.1828125 0.2328125
0 0.56015625 0.9015625 0.2109375 0.19375
0 0.46953125 0.7140625 0.1890625 0.24375
0 0.159375 0.8927083333333333 0.196875 0.2078125
0 0.32890625 0.36302083333333335 0.1609375 0.1703125
0 0.74453125 0.5520833333333334 0.1796875 0.2265625
0 0.16484375 0.3578125 0.1671875 0.178125
0 0.7703125 0.915625 0.209375 0.16875
0 0.56953125 0.228125 0.1484375 0.16875
0 0.84921875 0.7453125 0.1890625 0.234375
0 0.1015625 0.7005208333333334 0.178125 0.1984375
0 0.72421875 0.23020833333333332 0.1578125 0.1703125
0 0.35 0.08125 0.140625 0.13125
0 0.56640625 0.5317708333333333 0.1734375 0.2015625
0 0.346875 0.9052083333333333 0.203125 0.1859375
0 0.6359375 0.08333333333333333 0.14375 0.1390625
0 0.934375 0.08958333333333333 0.13125 0.1578125
0 0.49453125 0.3723958333333333 0.1609375 0.1859375
0 0.65703125 0.721875 0.1796875 0.2375
0 0.396875 0.5333333333333333 0.165625 0.1890625
0 0.81171875 0.37083333333333335 0.1703125 0.1796875
0 0.49296875 0.096875 0.1453125 0.1875
0 0.64765625 0.371875 0.1515625 0.175
0 0.7953125 0.10208333333333333 0.14375 0.1609375
0 0.4234375 0.225 0.146875 0.178125
0 0.06953125 0.515625 0.1390625 0.203125
0 0.91640625 0.54375 0.1609375 0.221875
0 0.22578125 0.5270833333333333 0.1765625 0.1828125
0 0.93828125 0.9067708333333333 0.1234375 0.1859375
0 0.26171875 0.20625 0.1671875 0.171875
0 0.07734375 0.0875 0.1171875 0.14375
0 0.2078125 0.0796875 0.146875 0.14375
0 0.88125 0.23489583333333333 0.153125 0.1578125
0 0.109375 0.21927083333333333 0.14375 0.1421875
0 0.01796875 0.20364583333333333 0.0359375 0.1015625
0 0.94921875 0.39375 0.1015625 0.203125
0 0.040625 0.34270833333333334 0.08125 0.1546875
0 0.9703125 0.7109375 0.059375 0.2125
0 0.97890625 0.2109375 0.0421875 0.16875
0 0.0328125 0.89375 0.065625 0.209375
0 0.00703125 0.7067708333333333 0.0140625 0.1984375
