0 0.6395 0.495 0.117 0.1155
0 0.3725 0.4855 0.117 0.1185
0 0.771 0.4975 0.123 0.1045
0 0.507 0.4825 0.123 0.1185
0 0.325 0.4005 0.1125 0.095
0 0.3265 0.295 0.0935 0.081
0 0.6975 0.414 0.114 0.0965
0 0.4435 0.402 0.128 0.1045
0 0.6795 0.2925 0.1 0.089
0 0.5715 0.409 0.1155 0.103
0 0.239 0.4865 0.131 0.1105
0 0.1835 0.4155 0.12 0.1155
0 0.7765 0.321 0.153 0.1355
0 0.4425 0.288 0.1015 0.0795
0 0.625 0.3445 0.103 0.0855
0 0.234 0.32 0.1465 0.128
0 0.5695 0.2925 0.098 0.0855
0 0.8175 0.416 0.1105 0.0825
