0 0.5984555984555985 0.38144329896907214 0.07335907335907337 0.06701030927835051
0 0.2548262548262548 0.6752577319587629 0.10424710424710425 0.11855670103092783
0 0.4980694980694981 0.4948453608247423 0.08494208494208494 0.08762886597938144
0 0.5212355212355212 0.41237113402061853 0.0694980694980695 0.07731958762886598
0 0.33976833976833976 0.4639175257731959 0.0888030888030888 0.09278350515463918
0 0.5598455598455598 0.6649484536082474 0.09266409266409266 0.0979381443298969
0 0.4749034749034749 0.5979381443298969 0.10038610038610038 0.11855670103092783
0 0.4594594594594595 0.711340206185567 0.10038610038610038 0.10309278350515463
0 0.3088803088803089 0.5618556701030928 0.09266409266409266 0.10309278350515463
0 0.583011583011583 0.4639175257731959 0.08494208494208494 0.08247422680412371
0 0.37065637065637064 0.6391752577319587 0.10810810810810811 0.12371134020618557
0 0.44015444015444016 0.4329896907216495 0.08108108108108109 0.08762886597938144
0 0.6602316602316602 0.6185567010309279 0.10038610038610038 0.0979381443298969
0 0.4015444015444015 0.5257731958762887 0.0888030888030888 0.10824742268041238
0 0.3436293436293436 0.7525773195876289 0.10810810810810811 0.11855670103092783
0 0.5752895752895753 0.5567010309278351 0.08494208494208494 0.1134020618556701
0 0.6640926640926641 0.4381443298969072 0.08494208494208494 0.09278350515463918
0 0.752895752895753 0.4845360824742268 0.09266409266409266 0.08762886597938144
0 0.6795366795366795 0.36597938144329895 0.0694980694980695 0.061855670103092786
0 0.752895752895753 0.41237113402061853 0.08108108108108109 0.061855670103092786
