0 0.27636363636363637 0.8797814207650273 0.16363636363636364 0.24043715846994534
0 0.7054545454545454 0.6721311475409836 0.13454545454545455 0.18579234972677597
0 0.5745454545454546 0.7431693989071039 0.14909090909090908 0.17486338797814208
0 0.6690909090909091 0.5027322404371585 0.15272727272727274 0.16393442622950818
0 0.43636363636363634 0.8032786885245902 0.16 0.16939890710382513
0 0.2545454545454545 0.6612021857923497 0.14909090909090908 0.18579234972677597
0 0.2109090909090909 0.4808743169398907 0.17454545454545456 0.18579234972677597
0 0.5272727272727272 0.5409836065573771 0.14909090909090908 0.15300546448087432
0 0.36363636363636365 0.4207650273224044 0.13090909090909092 0.16939890710382513
0 0.38181818181818183 0.6174863387978142 0.11636363636363636 0.1912568306010929
0 0.38181818181818183 0.3005464480874317 0.5781818181818181 0.5901639344262295
