0 0.5952380952380952 0.34 0.14285714285714285 0.06333333333333334
0 0.47023809523809523 0.5033333333333333 0.18452380952380953 0.07666666666666666
0 0.4583333333333333 0.37 0.14285714285714285 0.06
0 0.2976190476190476 0.5433333333333333 0.19642857142857142 0.09666666666666666
0 0.4880952380952381 0.5966666666666667 0.19642857142857142 0.11333333333333333
0 0.6666666666666666 0.54 0.19047619047619047 0.09666666666666666
0 0.13690476190476192 0.43 0.17857142857142858 0.07333333333333333
0 0.30357142857142855 0.39666666666666667 0.16071428571428573 0.07
0 0.8333333333333334 0.49 0.20833333333333334 0.09333333333333334
0 0.2976190476190476 0.4633333333333333 0.18452380952380953 0.08
0 0.6369047619047619 0.45666666666666667 0.16666666666666666 0.07666666666666666
0 0.6011904761904762 0.39666666666666667 0.15476190476190477 0.06
0 0.17261904761904762 0.36666666666666664 0.13095238095238096 0.056666666666666664
0 0.11904761904761904 0.5 0.18452380952380953 0.07666666666666666
