0 0.15730337078651685 0.8621908127208481 0.28651685393258425 0.16607773851590105
0 0.6235955056179775 0.696113074204947 0.2808988764044944 0.18021201413427562
0 0.3539325842696629 0.36395759717314485 0.2640449438202247 0.17667844522968199
0 0.8764044943820225 0.6784452296819788 0.24719101123595505 0.1625441696113074
0 0.8876404494382022 0.8445229681978799 0.2247191011235955 0.1413427561837456
0 0.8707865168539326 0.3462897526501767 0.25280898876404495 0.15901060070671377
0 0.898876404494382 0.5123674911660777 0.20224719101123595 0.1625441696113074
0 0.6629213483146067 0.5053003533568905 0.30337078651685395 0.15547703180212014
0 0.6292134831460674 0.872791519434629 0.28651685393258425 0.1625441696113074
0 0.1404494382022472 0.5053003533568905 0.2696629213483146 0.1978798586572438
0 0.11235955056179775 0.6890459363957597 0.21348314606741572 0.16607773851590105
