0 0.44 0.37333333333333335 0.13333333333333333 0.1288888888888889
0 0.28888888888888886 0.7511111111111111 0.16444444444444445 0.13777777777777778
0 0.6044444444444445 0.7422222222222222 0.15555555555555556 0.1511111111111111
0 0.3111111111111111 0.3688888888888889 0.12444444444444444 0.13333333333333333
0 0.5066666666666667 0.48 0.13777777777777778 0.13333333333333333
0 0.4266666666666667 0.6133333333333333 0.15555555555555556 0.14222222222222222
0 0.5866666666666667 0.26222222222222225 0.1288888888888889 0.12
0 0.72 0.6133333333333333 0.15555555555555556 0.13333333333333333
0 0.3333333333333333 0.24444444444444444 0.13777777777777778 0.12
0 0.8977777777777778 0.76 0.16 0.1288888888888889
0 0.26222222222222225 0.6088888888888889 0.15555555555555556 0.14222222222222222
0 0.7644444444444445 0.4888888888888889 0.12 0.13777777777777778
0 0.17777777777777778 0.35555555555555557 0.14222222222222222 0.12
0 0.10666666666666667 0.7688888888888888 0.19111111111111112 0.14222222222222222
0 0.5644444444444444 0.38222222222222224 0.1288888888888889 0.12
0 0.7511111111111111 0.7511111111111111 0.13333333333333333 0.13333333333333333
0 0.18666666666666668 0.24888888888888888 0.13777777777777778 0.1111111111111111
0 0.4622222222222222 0.24 0.12444444444444444 0.14222222222222222
0 0.8266666666666667 0.37333333333333335 0.1511111111111111 0.11555555555555555
0 0.4488888888888889 0.7511111111111111 0.14666666666666667 0.1288888888888889
0 0.8888888888888888 0.6 0.1688888888888889 0.1288888888888889
0 0.6888888888888889 0.35555555555555557 0.1288888888888889 0.11555555555555555
0 0.21333333333333335 0.48 0.15555555555555556 0.1288888888888889
0 0.8444444444444444 0.24444444444444444 0.17333333333333334 0.14222222222222222
0 0.7066666666666667 0.24 0.10666666666666667 0.1111111111111111
0 0.10666666666666667 0.6177777777777778 0.15555555555555556 0.14222222222222222
0 0.64 0.49333333333333335 0.13333333333333333 0.14222222222222222
0 0.36444444444444446 0.48444444444444446 0.13333333333333333 0.13333333333333333
