0 0.6909090909090909 0.7377049180327869 0.10181818181818182 0.15846994535519127
0 0.20727272727272728 0.3879781420765027 0.11636363636363636 0.14754098360655737
0 0.8109090909090909 0.3770491803278688 0.10909090909090909 0.14754098360655737
0 0.5636363636363636 0.22950819672131148 0.09454545454545454 0.13114754098360656
0 0.5818181818181818 0.7377049180327869 0.11272727272727273 0.17486338797814208
0 0.2690909090909091 0.7377049180327869 0.09818181818181818 0.15300546448087432
0 0.19272727272727272 0.5409836065573771 0.11272727272727273 0.15300546448087432
0 0.7963636363636364 0.7377049180327869 0.10545454545454545 0.15300546448087432
0 0.6254545454545455 0.5956284153005464 0.09818181818181818 0.14207650273224043
0 0.52 0.5792349726775956 0.10909090909090909 0.15846994535519127
0 0.6618181818181819 0.22404371584699453 0.09818181818181818 0.12568306010928962
0 0.7054545454545454 0.3442622950819672 0.09090909090909091 0.1366120218579235
0 0.3781818181818182 0.7377049180327869 0.11636363636363636 0.16393442622950818
0 0.3781818181818182 0.46994535519125685 0.09090909090909091 0.1366120218579235
0 0.1781818181818182 0.6885245901639344 0.09090909090909091 0.1366120218579235
0 0.48363636363636364 0.7431693989071039 0.08727272727272728 0.16393442622950818
0 0.3490909090909091 0.24043715846994534 0.10545454545454545 0.11475409836065574
0 0.41818181818181815 0.6065573770491803 0.09090909090909091 0.14207650273224043
0 0.4763636363636364 0.4644808743169399 0.10181818181818182 0.1366120218579235
0 0.24363636363636362 0.2568306010928962 0.09090909090909091 0.1366120218579235
0 0.2909090909090909 0.45901639344262296 0.08363636363636363 0.1366120218579235
0 0.7236363636363636 0.5846994535519126 0.09454545454545454 0.14754098360655737
0 0.31272727272727274 0.5846994535519126 0.12 0.14754098360655737
0 0.4072727272727273 0.3442622950819672 0.09454545454545454 0.14207650273224043
0 0.31272727272727274 0.34972677595628415 0.09090909090909091 0.11475409836065574
0 0.8254545454545454 0.5573770491803278 0.10545454545454545 0.20218579234972678
0 0.4581818181818182 0.2185792349726776 0.10545454545454545 0.10382513661202186
0 0.6618181818181819 0.47540983606557374 0.09090909090909091 0.11475409836065574
0 0.6181818181818182 0.36065573770491804 0.08 0.1366120218579235
0 0.5163636363636364 0.34972677595628415 0.12 0.12568306010928962
0 0.5745454545454546 0.47540983606557374 0.08727272727272728 0.12021857923497267
0 0.7745454545454545 0.25136612021857924 0.09818181818181818 0.12568306010928962
