0 0.41333333333333333 0.4488888888888889 0.04888888888888889 0.057777777777777775
0 0.4622222222222222 0.47555555555555556 0.04888888888888889 0.057777777777777775
0 0.56 0.56 0.05333333333333334 0.06222222222222222
0 0.4577777777777778 0.5555555555555556 0.057777777777777775 0.05333333333333334
0 0.41333333333333333 0.5155555555555555 0.05333333333333334 0.057777777777777775
0 0.6088888888888889 0.6 0.04888888888888889 0.06666666666666667
0 0.4666666666666667 0.64 0.06222222222222222 0.057777777777777775
0 0.5066666666666667 0.4444444444444444 0.04888888888888889 0.05333333333333334
0 0.5066666666666667 0.38222222222222224 0.05333333333333334 0.04888888888888889
0 0.6044444444444445 0.5155555555555555 0.04888888888888889 0.057777777777777775
0 0.4088888888888889 0.6 0.057777777777777775 0.057777777777777775
