0 0.5245901639344263 0.7454545454545455 0.16939890710382513 0.10909090909090909
0 0.644808743169399 0.2909090909090909 0.10382513661202186 0.09090909090909091
0 0.5245901639344263 0.2581818181818182 0.14754098360655737 0.09090909090909091
0 0.6994535519125683 0.44 0.14754098360655737 0.09818181818181818
0 0.22950819672131148 0.7854545454545454 0.16939890710382513 0.12363636363636364
0 0.12568306010928962 0.36363636363636365 0.15300546448087432 0.09818181818181818
0 0.7650273224043715 0.3090909090909091 0.14207650273224043 0.08727272727272728
0 0.4972677595628415 0.43272727272727274 0.15300546448087432 0.08727272727272728
0 0.4207650273224044 0.8690909090909091 0.1912568306010929 0.13090909090909092
0 0.10382513661202186 0.7272727272727273 0.15300546448087432 0.10545454545454545
0 0.20765027322404372 0.43636363636363634 0.15846994535519127 0.10181818181818182
0 0.7213114754098361 0.8072727272727273 0.20218579234972678 0.15636363636363637
0 0.43169398907103823 0.34545454545454546 0.14754098360655737 0.10545454545454545
0 0.6994535519125683 0.5345454545454545 0.15846994535519127 0.09090909090909091
0 0.2786885245901639 0.3490909090909091 0.15846994535519127 0.10181818181818182
0 0.7049180327868853 0.02181818181818182 0.15300546448087432 0.04363636363636364
0 0.6065573770491803 0.9127272727272727 0.20765027322404372 0.13090909090909092
0 0.0273224043715847 0.850909090909091 0.0546448087431694 0.08363636363636363
0 0.5737704918032787 0.08 0.13114754098360656 0.08
0 0.546448087431694 0.509090909090909 0.15846994535519127 0.07272727272727272
0 0.8142076502732241 0.4727272727272727 0.08743169398907104 0.07636363636363637
0 0.41530054644808745 0.509090909090909 0.10382513661202186 0.08
0 0.819672131147541 0.06181818181818182 0.14754098360655737 0.09818181818181818
0 0.04918032786885246 0.9454545454545454 0.09836065573770492 0.10545454545454545
0 0.28415300546448086 0.5381818181818182 0.16393442622950818 0.10909090909090909
0 0.08196721311475409 0.48727272727272725 0.15300546448087432 0.08363636363636363
0 0.0273224043715847 0.7781818181818182 0.060109289617486336 0.06545454545454546
0 0.32786885245901637 0.02181818181818182 0.14207650273224043 0.04363636363636364
0 0.9781420765027322 0.09454545454545454 0.04371584699453552 0.14545454545454545
0 0.5519125683060109 0.34545454545454546 0.08743169398907104 0.07272727272727272
0 0.14754098360655737 0.27636363636363637 0.13114754098360656 0.06545454545454546
0 0.20218579234972678 0.9672727272727273 0.23497267759562843 0.05454545454545454
0 0.48633879781420764 0.02181818181818182 0.18032786885245902 0.04727272727272727
0 0.9836065573770492 0.2109090909090909 0.03278688524590164 0.08727272727272728
0 0.8032786885245902 0.3890909090909091 0.12021857923497267 0.07636363636363637
