0 0.8873239436619719 0.41350210970464135 0.06103286384976526 0.05063291139240506
0 0.5258215962441315 0.679324894514768 0.07042253521126761 0.05907172995780591
0 0.29577464788732394 0.569620253164557 0.07042253521126761 0.06329113924050633
0 0.8356807511737089 0.4472573839662447 0.051643192488262914 0.046413502109704644
0 0.018779342723004695 0.43037974683544306 0.03755868544600939 0.05485232067510549
0 0.5633802816901409 0.729957805907173 0.07511737089201878 0.05485232067510549
0 0.24882629107981222 0.6835443037974683 0.07981220657276995 0.06329113924050633
0 0.7464788732394366 0.6624472573839663 0.07042253521126761 0.05485232067510549
0 0.25821596244131456 0.4767932489451477 0.056338028169014086 0.05485232067510549
0 0.37089201877934275 0.37130801687763715 0.06103286384976526 0.05485232067510549
0 0.2676056338028169 0.4219409282700422 0.051643192488262914 0.046413502109704644
0 0.5633802816901409 0.620253164556962 0.07042253521126761 0.05063291139240506
0 0.056338028169014086 0.379746835443038 0.07042253521126761 0.05485232067510549
0 0.7230046948356808 0.7172995780590717 0.06572769953051644 0.05485232067510549
0 0.3051643192488263 0.8481012658227848 0.06572769953051644 0.046413502109704644
0 0.6291079812206573 0.4092827004219409 0.06103286384976526 0.046413502109704644
0 0.6948356807511737 0.4472573839662447 0.06103286384976526 0.05907172995780591
0 0.3568075117370892 0.6624472573839663 0.056338028169014086 0.05485232067510549
0 0.784037558685446 0.47257383966244726 0.056338028169014086 0.05485232067510549
0 0.5633802816901409 0.12236286919831224 0.06572769953051644 0.05063291139240506
0 0.3192488262910798 0.3670886075949367 0.06103286384976526 0.05063291139240506
0 0.5915492957746479 0.31223628691983124 0.051643192488262914 0.0759493670886076
0 0.8544600938967136 0.6455696202531646 0.06103286384976526 0.05485232067510549
0 0.539906103286385 0.43037974683544306 0.06572769953051644 0.05485232067510549
0 0.8967136150234741 0.46835443037974683 0.07511737089201878 0.06329113924050633
0 0.1784037558685446 0.5274261603375527 0.06103286384976526 0.05907172995780591
0 0.3568075117370892 0.6033755274261603 0.06103286384976526 0.05485232067510549
0 0.4788732394366197 0.7805907172995781 0.06572769953051644 0.05907172995780591
0 0.07511737089201878 0.26582278481012656 0.06103286384976526 0.07172995780590717
0 0.47417840375586856 0.3881856540084388 0.06103286384976526 0.05485232067510549
0 0.2535211267605634 0.3670886075949367 0.08450704225352113 0.05907172995780591
0 0.4225352112676056 0.459915611814346 0.046948356807511735 0.05063291139240506
0 0.7370892018779343 0.5654008438818565 0.06103286384976526 0.03375527426160337
0 0.812206572769953 0.5949367088607594 0.07511737089201878 0.06329113924050633
0 0.3427230046948357 0.20675105485232068 0.056338028169014086 0.046413502109704644
0 0.5868544600938967 0.379746835443038 0.07042253521126761 0.05485232067510549
0 0.323943661971831 0.459915611814346 0.07042253521126761 0.06329113924050633
0 0.2112676056338028 0.6244725738396625 0.06572769953051644 0.05485232067510549
0 0.2347417840375587 0.2489451476793249 0.07042253521126761 0.06329113924050633
0 0.36619718309859156 0.7215189873417721 0.06572769953051644 0.05485232067510549
0 0.37089201877934275 0.4345991561181435 0.06103286384976526 0.05063291139240506
0 0.22065727699530516 0.7932489451476793 0.07511737089201878 0.05907172995780591
0 0.48826291079812206 0.11392405063291139 0.07042253521126761 0.05063291139240506
0 0.5633802816901409 0.16877637130801687 0.051643192488262914 0.03375527426160337
0 0.9671361502347418 0.3459915611814346 0.06103286384976526 0.046413502109704644
