0 0.7814207650273224 0.38768115942028986 0.23497267759562843 0.11594202898550725
0 0.6939890710382514 0.213768115942029 0.09836065573770492 0.09057971014492754
0 0.5628415300546448 0.25 0.16939890710382513 0.09420289855072464
0 0.41530054644808745 0.14130434782608695 0.12568306010928962 0.09420289855072464
0 0.48633879781420764 0.5398550724637681 0.16393442622950818 0.10144927536231885
0 0.7978142076502732 0.2717391304347826 0.15846994535519127 0.10507246376811594
0 0.6338797814207651 0.4927536231884058 0.13114754098360656 0.09420289855072464
0 0.7377049180327869 0.7608695652173914 0.16939890710382513 0.10869565217391304
0 0.6939890710382514 0.11594202898550725 0.13114754098360656 0.10869565217391304
0 0.5628415300546448 0.6304347826086957 0.15300546448087432 0.08695652173913043
0 0.18032786885245902 0.42391304347826086 0.1366120218579235 0.10869565217391304
0 0.8469945355191257 0.6992753623188406 0.11475409836065574 0.09420289855072464
0 0.2568306010928962 0.6376811594202898 0.14754098360655737 0.10507246376811594
0 0.3989071038251366 0.6086956521739131 0.14754098360655737 0.10869565217391304
0 0.16393442622950818 0.7463768115942029 0.13114754098360656 0.09782608695652174
0 0.8415300546448088 0.6159420289855072 0.1092896174863388 0.06159420289855073
0 0.546448087431694 0.3333333333333333 0.14754098360655737 0.08333333333333333
0 0.2568306010928962 0.08333333333333333 0.13114754098360656 0.08333333333333333
0 0.5081967213114754 0.7318840579710145 0.1912568306010929 0.11594202898550725
0 0.5027322404371585 0.08695652173913043 0.14754098360655737 0.10507246376811594
0 0.8087431693989071 0.18478260869565216 0.1366120218579235 0.07608695652173914
0 0.7103825136612022 0.6557971014492754 0.15300546448087432 0.10144927536231885
0 0.5355191256830601 0.822463768115942 0.14754098360655737 0.08695652173913043
0 0.4918032786885246 0.4420289855072464 0.15846994535519127 0.09420289855072464
0 0.40437158469945356 0.37318840579710144 0.14207650273224043 0.09420289855072464
0 0.8032786885245902 0.10507246376811594 0.09836065573770492 0.07608695652173914
0 0.3333333333333333 0.75 0.14754098360655737 0.10507246376811594
0 0.25136612021857924 0.5471014492753623 0.15300546448087432 0.08333333333333333
0 0.37158469945355194 0.5108695652173914 0.13114754098360656 0.07971014492753623
0 0.39344262295081966 0.2536231884057971 0.18579234972677597 0.13405797101449277
0 0.7704918032786885 0.5579710144927537 0.2677595628415301 0.10869565217391304
0 0.6174863387978142 0.40942028985507245 0.09289617486338798 0.07971014492753623
0 0.19672131147540983 0.15579710144927536 0.12021857923497267 0.07608695652173914
