0 0.7422222222222222 0.44 0.16444444444444445 0.1688888888888889
0 0.4311111111111111 0.5466666666666666 0.21333333333333335 0.20444444444444446
0 0.2577777777777778 0.43555555555555553 0.14666666666666667 0.16
0 0.6044444444444445 0.6311111111111111 0.1511111111111111 0.13333333333333333
0 0.39555555555555555 0.36 0.16444444444444445 0.16
0 0.24888888888888888 0.6088888888888889 0.14222222222222222 0.1688888888888889
0 0.27111111111111114 0.7822222222222223 0.16 0.16444444444444445
0 0.49333333333333335 0.1111111111111111 0.72 0.21777777777777776
0 0.4222222222222222 0.76 0.14666666666666667 0.19555555555555557
0 0.26222222222222225 0.28 0.16 0.1288888888888889
0 0.8622222222222222 0.5555555555555556 0.27555555555555555 0.8
