0 0.6628787878787878 0.3298429319371728 0.08712121212121213 0.15706806282722513
0 0.3484848484848485 0.2879581151832461 0.09090909090909091 0.09424083769633508
0 0.2765151515151515 0.3769633507853403 0.09848484848484848 0.1099476439790576
0 0.375 0.38219895287958117 0.09090909090909091 0.11518324607329843
0 0.4696969696969697 0.36649214659685864 0.0946969696969697 0.13612565445026178
0 0.553030303030303 0.4869109947643979 0.125 0.10471204188481675
0 0.6174242424242424 0.18848167539267016 0.10606060606060606 0.1256544502617801
0 0.4318181818181818 0.2670157068062827 0.07954545454545454 0.09424083769633508
0 0.7121212121212122 0.21465968586387435 0.09090909090909091 0.08900523560209424
0 0.5681818181818182 0.3507853403141361 0.10606060606060606 0.18848167539267016
0 0.32575757575757575 0.4816753926701571 0.10227272727272728 0.11518324607329843
