0 0.6654545454545454 0.3442622950819672 0.16727272727272727 0.2459016393442623
0 0.07272727272727272 0.7213114754098361 0.14909090909090908 0.273224043715847
0 0.9163636363636364 0.7540983606557377 0.16727272727272727 0.273224043715847
0 0.41454545454545455 0.7540983606557377 0.17454545454545456 0.26229508196721313
0 0.3563636363636364 0.4918032786885246 0.18181818181818182 0.2786885245901639
0 0.6218181818181818 0.09289617486338798 0.17454545454545456 0.1912568306010929
0 0.7236363636363636 0.6338797814207651 0.1709090909090909 0.273224043715847
0 0.1781818181818182 0.17486338797814208 0.1709090909090909 0.2677595628415301
0 0.8218181818181818 0.41530054644808745 0.16727272727272727 0.24043715846994534
0 0.850909090909091 0.18032786885245902 0.1709090909090909 0.2459016393442623
0 0.3490909090909091 0.17486338797814208 0.21818181818181817 0.33879781420765026
0 0.10545454545454545 0.9289617486338798 0.18181818181818182 0.14207650273224043
