0 0.49777777777777776 0.47555555555555556 0.06666666666666667 0.07111111111111111
0 0.5555555555555556 0.5288888888888889 0.07111111111111111 0.06222222222222222
0 0.72 0.48 0.07111111111111111 0.06666666666666667
0 0.6044444444444445 0.4 0.057777777777777775 0.06666666666666667
0 0.4444444444444444 0.52 0.06666666666666667 0.07111111111111111
0 0.3377777777777778 0.5244444444444445 0.07111111111111111 0.07111111111111111
0 0.6088888888888889 0.48444444444444446 0.06666666666666667 0.06222222222222222
0 0.39111111111111113 0.39555555555555555 0.06666666666666667 0.06666666666666667
0 0.5022222222222222 0.4 0.057777777777777775 0.057777777777777775
0 0.6577777777777778 0.43555555555555553 0.06666666666666667 0.07111111111111111
0 0.28444444444444444 0.4888888888888889 0.06666666666666667 0.07111111111111111
0 0.5555555555555556 0.44 0.06222222222222222 0.06222222222222222
