0 0.4084411164057182 0.8890401633764465 0.23587474472430225 0.21851599727705923
0 0.5850918992511913 0.7848876786929885 0.22634445200816883 0.22021783526208305
0 0.6341048332198774 0.5786249149081008 0.2059223961878829 0.18584070796460178
0 0.21613342409802586 0.630360789652825 0.21068754254594962 0.19843430905377807
0 0.18413886997957796 0.27161334240980256 0.17154526889040164 0.1562287270251872
0 0.05445881552076242 0.23417290673927843 0.10619469026548672 0.1310415248468346
0 0.7678692988427501 0.7178352620830497 0.17324710687542547 0.21068754254594962
0 0.9397549353301565 0.16167460857726346 0.12014976174268209 0.11402314499659633
0 0.20388019060585433 0.8475153165418652 0.19843430905377807 0.15759019741320626
0 0.3427501701837985 0.713070115724983 0.21715452688904016 0.17018379850238258
0 0.12627637848876788 0.9452008168822328 0.24676650782845472 0.10925799863852961
0 0.18890401633764464 0.12185159972770593 0.140571817562968 0.13410483321987746
0 0.06296800544588155 0.7069434989788972 0.12627637848876788 0.17937372362151124
0 0.9632402995234853 0.3590878148400272 0.0731790333560245 0.15282505105513955
0 0.059904697072838665 0.12321307011572498 0.12014976174268209 0.10925799863852961
0 0.4543907420013615 0.22396187882913546 0.15282505105513955 0.09530292716133425
0 0.05445881552076242 0.8546630360789653 0.10619469026548672 0.16235534377127298
0 0.7535738597685501 0.8832539142273655 0.19503063308373042 0.10755616065350579
0 0.3005445881552076 0.15146358066712048 0.1640571817562968 0.1310415248468346
0 0.5742001361470388 0.17801225323349218 0.10755616065350579 0.08747447243022465
0 0.45200816882232814 0.30701157249829814 0.1640571817562968 0.07964601769911504
