0 0.10309278350515463 0.8538461538461538 0.20618556701030927 0.2923076923076923
0 0.29381443298969073 0.6192307692307693 0.13917525773195877 0.12692307692307692
0 0.26288659793814434 0.4076923076923077 0.1134020618556701 0.07692307692307693
0 0.3402061855670103 0.7538461538461538 0.18556701030927836 0.13076923076923078
0 0.6701030927835051 0.65 0.15463917525773196 0.10384615384615385
0 0.44329896907216493 0.676923076923077 0.17010309278350516 0.11923076923076924
0 0.28350515463917525 0.5 0.13402061855670103 0.1076923076923077
0 0.09278350515463918 0.4076923076923077 0.10309278350515463 0.07307692307692308
0 0.4690721649484536 0.4846153846153846 0.11855670103092783 0.07692307692307693
0 0.4484536082474227 0.4076923076923077 0.08247422680412371 0.06923076923076923
0 0.5927835051546392 0.5269230769230769 0.12371134020618557 0.09230769230769231
0 0.10824742268041238 0.5115384615384615 0.1134020618556701 0.1076923076923077
0 0.39690721649484534 0.5461538461538461 0.10824742268041238 0.1076923076923077
0 0.020618556701030927 0.46153846153846156 0.041237113402061855 0.08846153846153847
0 0.08247422680412371 0.6307692307692307 0.15979381443298968 0.13076923076923078
0 0.36597938144329895 0.4461538461538462 0.0979381443298969 0.08461538461538462
0 0.520618556701031 0.5961538461538461 0.12371134020618557 0.1
0 0.9020618556701031 0.5192307692307693 0.19072164948453607 0.25769230769230766
