0 0.5074074074074074 0.1925133689839572 0.10740740740740741 0.13903743315508021
0 0.28888888888888886 0.3155080213903743 0.12222222222222222 0.1443850267379679
0 0.4148148148148148 0.5561497326203209 0.13333333333333333 0.1657754010695187
0 0.40370370370370373 0.25133689839572193 0.1111111111111111 0.1443850267379679
0 0.3592592592592593 0.7647058823529411 0.13703703703703704 0.1711229946524064
0 0.5703703703703704 0.29411764705882354 0.11481481481481481 0.15508021390374332
0 0.6444444444444445 0.41711229946524064 0.11851851851851852 0.1497326203208556
0 0.45925925925925926 0.36363636363636365 0.12222222222222222 0.1497326203208556
0 0.5333333333333333 0.48128342245989303 0.12222222222222222 0.1657754010695187
0 0.7481481481481481 0.3422459893048128 0.1111111111111111 0.15508021390374332
0 0.48518518518518516 0.6898395721925134 0.12962962962962962 0.1497326203208556
0 0.23333333333333334 0.5080213903743316 0.12962962962962962 0.1497326203208556
0 0.2962962962962963 0.6310160427807486 0.12962962962962962 0.15508021390374332
0 0.34814814814814815 0.43315508021390375 0.11481481481481481 0.16042780748663102
0 0.6111111111111112 0.12299465240641712 0.11851851851851852 0.1443850267379679
0 0.6074074074074074 0.6042780748663101 0.1259259259259259 0.1443850267379679
0 0.6777777777777778 0.22459893048128343 0.1111111111111111 0.1443850267379679
0 0.17407407407407408 0.3582887700534759 0.11481481481481481 0.16042780748663102
0 0.7185185185185186 0.5347593582887701 0.11851851851851852 0.12834224598930483
