0 0.37333333333333335 0.2088888888888889 0.28444444444444444 0.26666666666666666
0 0.6711111111111111 0.21777777777777776 0.3422222222222222 0.26222222222222225
0 0.92 0.20444444444444446 0.15555555555555556 0.27111111111111114
0 0.3511111111111111 0.7733333333333333 0.3244444444444444 0.29777777777777775
0 0.6844444444444444 0.5022222222222222 0.29333333333333333 0.2577777777777778
0 0.12444444444444444 0.2222222222222222 0.24888888888888888 0.26222222222222225
0 0.11555555555555555 0.4888888888888889 0.2311111111111111 0.25333333333333335
0 0.09777777777777778 0.7688888888888888 0.19555555555555557 0.3022222222222222
0 0.6622222222222223 0.7911111111111111 0.32 0.30666666666666664
0 0.39555555555555555 0.48444444444444446 0.3111111111111111 0.27111111111111114
0 0.9155555555555556 0.4888888888888889 0.1688888888888889 0.28888888888888886
0 0.9022222222222223 0.7866666666666666 0.19111111111111112 0.30666666666666664
