0 0.5446009389671361 0.5720338983050848 0.15023474178403756 0.1271186440677966
0 0.596244131455399 0.4533898305084746 0.13615023474178403 0.1271186440677966
0 0.47417840375586856 0.690677966101695 0.16901408450704225 0.1440677966101695
0 0.3192488262910798 0.3813559322033898 0.15492957746478872 0.1228813559322034
0 0.38967136150234744 0.5296610169491526 0.15023474178403756 0.11440677966101695
0 0.6901408450704225 0.6059322033898306 0.16901408450704225 0.1271186440677966
0 0.1784037558685446 0.3432203389830508 0.15023474178403756 0.13135593220338984
0 0.5164319248826291 0.326271186440678 0.15023474178403756 0.11440677966101695
0 0.38497652582159625 0.2838983050847458 0.14553990610328638 0.1059322033898305
0 0.45539906103286387 0.4279661016949153 0.15023474178403756 0.11864406779661017
0 0.3145539906103286 0.6440677966101694 0.17370892018779344 0.1440677966101695
0 0.11737089201877934 0.2076271186440678 0.14084507042253522 0.11864406779661017
0 0.2535211267605634 0.2457627118644068 0.14084507042253522 0.11016949152542373
0 0.3145539906103286 0.1483050847457627 0.13615023474178403 0.11440677966101695
0 0.2347417840375587 0.4915254237288136 0.1643192488262911 0.13135593220338984
0 0.38967136150234744 0.8347457627118644 0.18309859154929578 0.1652542372881356
0 0.4507042253521127 0.19915254237288135 0.1267605633802817 0.1059322033898305
0 0.6431924882629108 0.7372881355932204 0.16901408450704225 0.15677966101694915
0 0.7464788732394366 0.4957627118644068 0.1596244131455399 0.11440677966101695
0 0.6525821596244131 0.3516949152542373 0.14084507042253522 0.1016949152542373
0 0.5774647887323944 0.23728813559322035 0.13615023474178403 0.1059322033898305
