0 0.47104247104247104 0.18556701030927836 0.1583011583011583 0.20618556701030927
0 0.16602316602316602 0.7938144329896907 0.3127413127413127 0.4072164948453608
0 0.888030888030888 0.9020618556701031 0.21235521235521235 0.19072164948453607
0 0.8957528957528957 0.6804123711340206 0.20463320463320464 0.25773195876288657
0 0.4555984555984556 0.7628865979381443 0.27413127413127414 0.31958762886597936
0 0.28957528957528955 0.17525773195876287 0.17374517374517376 0.18041237113402062
0 0.6332046332046332 0.18041237113402062 0.14671814671814673 0.16494845360824742
0 0.3938223938223938 0.3402061855670103 0.1776061776061776 0.2268041237113402
0 0.6988416988416989 0.7164948453608248 0.2084942084942085 0.32989690721649484
0 0.7297297297297297 0.4793814432989691 0.1969111969111969 0.1958762886597938
0 0.10424710424710425 0.16494845360824742 0.20077220077220076 0.22164948453608246
0 0.915057915057915 0.28350515463917525 0.16602316602316602 0.17010309278350516
0 0.03088803088803089 0.31958762886597936 0.06563706563706563 0.19072164948453607
0 0.3088803088803089 0.5360824742268041 0.23552123552123552 0.24742268041237114
