0 0.4541984732824427 0.734375 0.12213740458015267 0.13541666666666666
0 0.5610687022900763 0.3125 0.10687022900763359 0.125
0 0.683206106870229 0.3125 0.10687022900763359 0.125
0 0.25572519083969464 0.6197916666666666 0.1183206106870229 0.13541666666666666
0 0.5763358778625954 0.734375 0.1183206106870229 0.13541666666666666
0 0.4389312977099237 0.3072916666666667 0.10687022900763359 0.13541666666666666
0 0.37786259541984735 0.4114583333333333 0.11068702290076336 0.125
0 0.8244274809160306 0.5104166666666666 0.10687022900763359 0.14583333333333334
0 0.1946564885496183 0.5104166666666666 0.11450381679389313 0.15104166666666666
0 0.5076335877862596 0.6145833333333334 0.1183206106870229 0.14583333333333334
0 0.5687022900763359 0.515625 0.11068702290076336 0.13541666666666666
0 0.7061068702290076 0.7239583333333334 0.11068702290076336 0.140625
0 0.7595419847328244 0.6145833333333334 0.1183206106870229 0.13541666666666666
0 0.3816793893129771 0.625 0.1183206106870229 0.13541666666666666
0 0.32061068702290074 0.5208333333333334 0.11068702290076336 0.125
0 0.2595419847328244 0.4114583333333333 0.10687022900763359 0.13541666666666666
0 0.6374045801526718 0.6145833333333334 0.11068702290076336 0.14583333333333334
0 0.6946564885496184 0.5104166666666666 0.12213740458015267 0.13541666666666666
0 0.3244274809160305 0.3072916666666667 0.10687022900763359 0.140625
0 0.6259541984732825 0.40625 0.10305343511450382 0.13020833333333334
0 0.7480916030534351 0.40625 0.10687022900763359 0.13020833333333334
0 0.1984732824427481 0.3125 0.11450381679389313 0.140625
0 0.3244274809160305 0.7291666666666666 0.11450381679389313 0.14583333333333334
0 0.44656488549618323 0.5104166666666666 0.1183206106870229 0.140625
0 0.5038167938931297 0.4114583333333333 0.09923664122137404 0.13541666666666666
0 0.6106870229007634 0.09375 0.7786259541984732 0.18229166666666666
0 0.8282442748091603 0.6979166666666666 0.08778625954198473 0.10416666666666667
0 0.8015267175572519 0.3072916666666667 0.11068702290076336 0.140625
0 0.20229007633587787 0.703125 0.09923664122137404 0.09895833333333333
