0 0.2943396226415094 0.5263157894736842 0.14339622641509434 0.18947368421052632
0 0.6943396226415094 0.5894736842105263 0.14339622641509434 0.20526315789473684
0 0.14339622641509434 0.5631578947368421 0.1509433962264151 0.20526315789473684
0 0.17735849056603772 0.3263157894736842 0.1509433962264151 0.23157894736842105
0 0.6716981132075471 0.1 0.1509433962264151 0.2
0 0.769811320754717 0.3 0.13584905660377358 0.2
0 0.5169811320754717 0.5473684210526316 0.14339622641509434 0.2
0 0.8264150943396227 0.04736842105263158 0.15471698113207547 0.09473684210526316
0 0.4339622641509434 0.3105263157894737 0.13962264150943396 0.2
0 0.5584905660377358 0.21578947368421053 0.13962264150943396 0.22631578947368422
0 0.10566037735849057 0.12631578947368421 0.20754716981132076 0.2578947368421053
0 0.9132075471698113 0.22105263157894736 0.14339622641509434 0.20526315789473684
0 0.6452830188679245 0.3894736842105263 0.15471698113207547 0.22105263157894736
