0 0.4088888888888889 0.29777777777777775 0.08 0.08
0 0.31555555555555553 0.44 0.10222222222222223 0.09777777777777778
0 0.49777777777777776 0.3466666666666667 0.08888888888888889 0.08444444444444445
0 0.49777777777777776 0.44 0.09777777777777778 0.09777777777777778
0 0.5822222222222222 0.38666666666666666 0.08444444444444445 0.08888888888888889
0 0.5911111111111111 0.48 0.10222222222222223 0.1111111111111111
0 0.4088888888888889 0.48444444444444446 0.10222222222222223 0.10222222222222223
0 0.41333333333333333 0.38666666666666666 0.08888888888888889 0.09333333333333334
0 0.49333333333333335 0.2577777777777778 0.08444444444444445 0.08444444444444445
0 0.3244444444444444 0.3466666666666667 0.09333333333333334 0.08444444444444445
0 0.3288888888888889 0.2577777777777778 0.08888888888888889 0.08444444444444445
0 0.6711111111111111 0.44 0.08888888888888889 0.09333333333333334
0 0.6888888888888889 0.5377777777777778 0.11555555555555555 0.09333333333333334
0 0.5688888888888889 0.3022222222222222 0.07555555555555556 0.07555555555555556
0 0.30666666666666664 0.5511111111111111 0.10222222222222223 0.11555555555555555
0 0.5022222222222222 0.5422222222222223 0.09333333333333334 0.10222222222222223
0 0.6488888888888888 0.2577777777777778 0.07555555555555556 0.08
