0 0.24888888888888888 0.43555555555555553 0.15555555555555556 0.14666666666666667
0 0.6755555555555556 0.5377777777777778 0.16 0.1511111111111111
0 0.49333333333333335 0.41333333333333333 0.14666666666666667 0.1511111111111111
0 0.37777777777777777 0.49777777777777776 0.13333333333333333 0.14666666666666667
0 0.36 0.32 0.13777777777777778 0.14222222222222222
0 0.40444444444444444 0.6622222222222223 0.15555555555555556 0.14222222222222222
0 0.24888888888888888 0.5688888888888889 0.13333333333333333 0.1111111111111111
0 0.5155555555555555 0.5511111111111111 0.16 0.14666666666666667
0 0.6177777777777778 0.6711111111111111 0.13777777777777778 0.12444444444444444
0 0.27111111111111114 0.6755555555555556 0.11555555555555555 0.10222222222222223
0 0.7555555555555555 0.6622222222222223 0.13333333333333333 0.13777777777777778
0 0.5155555555555555 0.68 0.07111111111111111 0.08
