0 0.14122137404580154 0.3005181347150259 0.13358778625954199 0.17098445595854922
0 0.5038167938931297 0.07253886010362694 0.16412213740458015 0.15025906735751296
0 0.14885496183206107 0.11917098445595854 0.15267175572519084 0.18652849740932642
0 0.33587786259541985 0.19689119170984457 0.13358778625954199 0.16580310880829016
0 0.7748091603053435 0.45595854922279794 0.15648854961832062 0.17616580310880828
0 0.6106870229007634 0.37305699481865284 0.13740458015267176 0.19689119170984457
0 0.49236641221374045 0.8238341968911918 0.1450381679389313 0.17098445595854922
0 0.09541984732824428 0.5854922279792746 0.16412213740458015 0.20725388601036268
0 0.6335877862595419 0.16580310880829016 0.183206106870229 0.20207253886010362
0 0.583969465648855 0.5854922279792746 0.16793893129770993 0.24352331606217617
0 0.7442748091603053 0.6217616580310881 0.20229007633587787 0.16580310880829016
0 0.8893129770992366 0.7202072538860104 0.13740458015267176 0.19170984455958548
0 0.5038167938931297 0.32642487046632124 0.08778625954198473 0.12435233160621761
0 0.36259541984732824 0.7564766839378239 0.13358778625954199 0.17098445595854922
0 0.3969465648854962 0.34196891191709844 0.13740458015267176 0.18134715025906736
0 0.46946564885496184 0.20207253886010362 0.12595419847328243 0.11917098445595854
0 0.8473282442748091 0.15025906735751296 0.08396946564885496 0.16580310880829016
