0 0.7166666666666667 0.5357142857142857 0.10666666666666667 0.17857142857142858
0 0.7233333333333334 0.3273809523809524 0.1 0.16071428571428573
0 0.71 0.7321428571428571 0.09333333333333334 0.17857142857142858
0 0.53 0.7321428571428571 0.09333333333333334 0.17857142857142858
0 0.6166666666666667 0.625 0.08666666666666667 0.17261904761904762
0 0.62 0.43452380952380953 0.09666666666666666 0.15476190476190477
0 0.5266666666666666 0.5178571428571429 0.08666666666666667 0.15476190476190477
0 0.43333333333333335 0.6190476190476191 0.09 0.16666666666666666
0 0.2633333333333333 0.6190476190476191 0.09666666666666666 0.17261904761904762
0 0.3466666666666667 0.7261904761904762 0.09333333333333334 0.19047619047619047
0 0.35 0.5178571428571429 0.1 0.15476190476190477
0 0.25333333333333335 0.40476190476190477 0.10333333333333333 0.20238095238095238
0 0.34 0.30952380952380953 0.08 0.17857142857142858
0 0.43666666666666665 0.43452380952380953 0.08333333333333333 0.13095238095238096
0 0.54 0.31547619047619047 0.08333333333333333 0.17261904761904762
