0 0.40794223826714804 0.7362637362637363 0.11913357400722022 0.17032967032967034
0 0.6859205776173285 0.47802197802197804 0.10830324909747292 0.09340659340659341
0 0.17328519855595667 0.7417582417582418 0.10469314079422383 0.07142857142857142
0 0.6570397111913358 0.5769230769230769 0.09386281588447654 0.1043956043956044
0 0.5884476534296029 0.6978021978021978 0.11552346570397112 0.19230769230769232
0 0.22021660649819494 0.5604395604395604 0.1407942238267148 0.16483516483516483
0 0.01444043321299639 0.45054945054945056 0.02888086642599278 0.07692307692307693
0 0.4187725631768953 0.5494505494505495 0.12274368231046931 0.12087912087912088
0 0.9314079422382672 0.5989010989010989 0.10108303249097472 0.07692307692307693
0 0.5090252707581228 0.7637362637362637 0.09025270758122744 0.08241758241758242
0 0.6859205776173285 0.04945054945054945 0.13357400722021662 0.1043956043956044
0 0.33574007220216606 0.6428571428571429 0.09025270758122744 0.12637362637362637
