0 0.4088888888888889 0.8844444444444445 0.24 0.21777777777777776
0 0.5822222222222222 0.7822222222222223 0.2222222222222222 0.21333333333333335
0 0.6311111111111111 0.5777777777777777 0.2088888888888889 0.18666666666666668
0 0.21333333333333335 0.6311111111111111 0.20444444444444446 0.19555555555555557
0 0.05333333333333334 0.23555555555555555 0.1111111111111111 0.13333333333333333
0 0.9422222222222222 0.16 0.11555555555555555 0.11555555555555555
0 0.12 0.9422222222222222 0.24444444444444444 0.1111111111111111
0 0.17333333333333334 0.26666666666666666 0.19111111111111112 0.15555555555555556
0 0.06222222222222222 0.12 0.12444444444444444 0.1111111111111111
0 0.7688888888888888 0.7155555555555555 0.1688888888888889 0.2088888888888889
0 0.06222222222222222 0.7111111111111111 0.1288888888888889 0.17777777777777778
0 0.20444444444444446 0.8577777777777778 0.2 0.17777777777777778
0 0.3466666666666667 0.7111111111111111 0.21333333333333335 0.17333333333333334
0 0.96 0.3511111111111111 0.07555555555555556 0.16444444444444445
