0 0.7857142857142857 0.36607142857142855 0.21428571428571427 0.1875
0 0.4955357142857143 0.3705357142857143 0.20982142857142858 0.1875
0 0.6339285714285714 0.5223214285714286 0.20535714285714285 0.20089285714285715
0 0.09821428571428571 0.53125 0.20089285714285715 0.18303571428571427
0 0.375 0.5357142857142857 0.1875 0.19642857142857142
0 0.22321428571428573 0.7008928571428571 0.19642857142857142 0.21428571428571427
0 0.23660714285714285 0.3705357142857143 0.1875 0.18303571428571427
0 0.7946428571428571 0.6919642857142857 0.20982142857142858 0.19196428571428573
0 0.5044642857142857 0.7008928571428571 0.19196428571428573 0.19196428571428573
0 0.6428571428571429 0.8571428571428571 0.20535714285714285 0.20982142857142858
0 0.3169642857142857 0.08035714285714286 0.6160714285714286 0.16517857142857142
0 0.9107142857142857 0.5401785714285714 0.17857142857142858 0.17857142857142858
0 0.09821428571428571 0.8705357142857143 0.19642857142857142 0.24553571428571427
0 0.96875 0.36607142857142855 0.0625 0.18303571428571427
