0 0.4626334519572954 0.18994413407821228 0.14590747330960854 0.20670391061452514
0 0.7758007117437722 0.18435754189944134 0.15302491103202848 0.20670391061452514
0 0.6120996441281139 0.18994413407821228 0.14590747330960854 0.2011173184357542
0 0.14590747330960854 0.19553072625698323 0.16725978647686832 0.22905027932960895
0 0.30604982206405695 0.19553072625698323 0.14590747330960854 0.20670391061452514
0 0.7829181494661922 0.5977653631284916 0.15658362989323843 0.22346368715083798
0 0.2277580071174377 0.4022346368715084 0.15302491103202848 0.2346368715083799
0 0.13167259786476868 0.5921787709497207 0.15302491103202848 0.21787709497206703
0 0.45907473309608543 0.5977653631284916 0.15302491103202848 0.2122905027932961
0 0.302491103202847 0.6089385474860335 0.15302491103202848 0.2122905027932961
0 0.6227758007117438 0.6033519553072626 0.15658362989323843 0.2122905027932961
0 0.8612099644128114 0.8100558659217877 0.16370106761565836 0.25139664804469275
0 0.3736654804270463 0.8212290502793296 0.15302491103202848 0.24022346368715083
0 0.3879003558718861 0.4022346368715084 0.1601423487544484 0.2346368715083799
0 0.8576512455516014 0.39664804469273746 0.1494661921708185 0.2122905027932961
0 0.697508896797153 0.8156424581005587 0.16370106761565836 0.25139664804469275
0 0.7046263345195729 0.39664804469273746 0.15658362989323843 0.22346368715083798
0 0.5444839857651246 0.39664804469273746 0.15658362989323843 0.22346368715083798
0 0.2206405693950178 0.8268156424581006 0.15658362989323843 0.24581005586592178
0 0.5338078291814946 0.8212290502793296 0.16725978647686832 0.2569832402234637
