0 0.49333333333333335 0.4888888888888889 0.13333333333333333 0.12444444444444444
0 0.5066666666666667 0.36444444444444446 0.12 0.12444444444444444
0 0.36 0.5555555555555556 0.14222222222222222 0.13333333333333333
0 0.76 0.48 0.1511111111111111 0.15555555555555556
0 0.6177777777777778 0.19111111111111112 0.12444444444444444 0.09777777777777778
0 0.3377777777777778 0.7066666666666667 0.1511111111111111 0.16444444444444445
0 0.6222222222222222 0.09333333333333334 0.1111111111111111 0.09777777777777778
0 0.41333333333333333 0.2088888888888889 0.10222222222222223 0.10222222222222223
0 0.6222222222222222 0.29777777777777775 0.12 0.12
0 0.7422222222222222 0.23555555555555555 0.12444444444444444 0.11555555555555555
0 0.39555555555555555 0.3111111111111111 0.12444444444444444 0.10222222222222223
0 0.6222222222222222 0.41333333333333333 0.14222222222222222 0.12
0 0.27111111111111114 0.37333333333333335 0.12 0.11555555555555555
0 0.21777777777777776 0.6222222222222222 0.14222222222222222 0.1511111111111111
0 0.38222222222222224 0.4266666666666667 0.1288888888888889 0.12444444444444444
0 0.6266666666666667 0.7155555555555555 0.16444444444444445 0.16
0 0.4177777777777778 0.1111111111111111 0.1111111111111111 0.09777777777777778
0 0.6222222222222222 0.5511111111111111 0.14666666666666667 0.14666666666666667
0 0.7466666666666667 0.3466666666666667 0.14666666666666667 0.12
0 0.5111111111111111 0.25333333333333335 0.12 0.09777777777777778
0 0.29777777777777775 0.26222222222222225 0.11555555555555555 0.10222222222222223
0 0.7733333333333333 0.6355555555555555 0.16444444444444445 0.14666666666666667
0 0.7333333333333333 0.12444444444444444 0.11555555555555555 0.1111111111111111
0 0.6355555555555555 0.9022222222222223 0.2 0.18222222222222223
0 0.19111111111111112 0.7822222222222223 0.14222222222222222 0.15555555555555556
0 0.48444444444444446 0.6311111111111111 0.14222222222222222 0.16444444444444445
0 0.30666666666666664 0.16444444444444445 0.11555555555555555 0.09777777777777778
0 0.5155555555555555 0.15555555555555556 0.1111111111111111 0.09777777777777778
0 0.3022222222222222 0.8977777777777778 0.19111111111111112 0.18666666666666668
0 0.25333333333333335 0.4888888888888889 0.14666666666666667 0.12
0 0.4711111111111111 0.8044444444444444 0.16444444444444445 0.1688888888888889
0 0.7866666666666666 0.8177777777777778 0.17333333333333334 0.19555555555555557
