0 0.27715355805243447 0.6243386243386243 0.08614232209737828 0.07407407407407407
0 0.07116104868913857 0.8201058201058201 0.11610486891385768 0.1111111111111111
0 0.026217228464419477 0.164021164021164 0.052434456928838954 0.07407407407407407
0 0.10486891385767791 0.14814814814814814 0.07865168539325842 0.09523809523809523
0 0.5318352059925093 0.7513227513227513 0.1647940074906367 0.1746031746031746
0 0.18726591760299627 0.09523809523809523 0.07116104868913857 0.09523809523809523
0 0.31835205992509363 0.8624338624338624 0.11610486891385768 0.09523809523809523
0 0.5318352059925093 0.5714285714285714 0.1198501872659176 0.1164021164021164
0 0.8689138576779026 0.41798941798941797 0.1348314606741573 0.1693121693121693
0 0.18726591760299627 0.8465608465608465 0.1198501872659176 0.1111111111111111
0 0.6666666666666666 0.7248677248677249 0.13857677902621723 0.20634920634920634
0 0.2958801498127341 0.3439153439153439 0.5767790262172284 0.6931216931216931
