0 0.33976833976833976 0.865979381443299 0.22393822393822393 0.26288659793814434
0 0.3745173745173745 0.634020618556701 0.1891891891891892 0.211340206185567
0 0.5405405405405406 0.7422680412371134 0.1891891891891892 0.2422680412371134
0 0.7258687258687259 0.865979381443299 0.22007722007722008 0.26804123711340205
0 0.722007722007722 0.6134020618556701 0.18532818532818532 0.2422680412371134
0 0.5521235521235521 0.520618556701031 0.16216216216216217 0.20103092783505155
0 0.16216216216216217 0.7371134020618557 0.22393822393822393 0.23711340206185566
0 0.8996138996138996 0.7319587628865979 0.20077220077220076 0.25773195876288657
0 0.42857142857142855 0.30412371134020616 0.13513513513513514 0.15463917525773196
0 0.4015444015444015 0.4484536082474227 0.15444015444015444 0.17525773195876287
0 0.30115830115830117 0.23195876288659795 0.138996138996139 0.12886597938144329
0 0.1583011583011583 0.33505154639175255 0.13513513513513514 0.17010309278350516
0 0.5598455598455598 0.36082474226804123 0.14285714285714285 0.14432989690721648
0 0.11583011583011583 0.9329896907216495 0.22393822393822393 0.13402061855670103
0 0.277992277992278 0.38144329896907214 0.15444015444015444 0.17525773195876287
0 0.10810810810810811 0.4742268041237113 0.16988416988416988 0.23195876288659795
0 0.9613899613899614 0.4381443298969072 0.07722007722007722 0.17525773195876287
0 0.7027027027027027 0.422680412371134 0.15057915057915058 0.15979381443298968
0 0.21621621621621623 0.5515463917525774 0.1891891891891892 0.25773195876288657
0 0.9498069498069498 0.27835051546391754 0.09652509652509653 0.12371134020618557
0 0.5405405405405406 0.9329896907216495 0.29343629343629346 0.12886597938144329
0 0.5637065637065637 0.2268041237113402 0.1274131274131274 0.12886597938144329
0 0.444015444015444 0.18041237113402062 0.1274131274131274 0.11855670103092783
0 0.9691119691119691 0.05670103092783505 0.05791505791505792 0.11855670103092783
0 0.8764478764478765 0.5 0.16988416988416988 0.18041237113402062
