0 0.48363636363636364 0.6557377049180327 0.14181818181818182 0.22950819672131148
0 0.7927272727272727 0.5300546448087432 0.15272727272727274 0.2185792349726776
0 0.1781818181818182 0.7923497267759563 0.15636363636363637 0.22950819672131148
0 0.8036363636363636 0.7978142076502732 0.16 0.23497267759562843
0 0.6218181818181818 0.25136612021857924 0.14909090909090908 0.22404371584699453
0 0.7818181818181819 0.25136612021857924 0.14545454545454545 0.22950819672131148
0 0.6290909090909091 0.5300546448087432 0.14545454545454545 0.2185792349726776
0 0.36727272727272725 0.25136612021857924 0.14545454545454545 0.22404371584699453
0 0.6327272727272727 0.7978142076502732 0.16 0.22404371584699453
0 0.36 0.5245901639344263 0.14181818181818182 0.22404371584699453
0 0.20363636363636364 0.5300546448087432 0.16 0.2185792349726776
0 0.48727272727272725 0.3879781420765027 0.14181818181818182 0.21311475409836064
0 0.20363636363636364 0.26229508196721313 0.14909090909090908 0.2185792349726776
0 0.33454545454545453 0.07650273224043716 0.48727272727272725 0.15300546448087432
0 0.3490909090909091 0.7923497267759563 0.14909090909090908 0.22404371584699453
0 0.68 0.07103825136612021 0.4109090909090909 0.14754098360655737
0 0.9090909090909091 0.3005464480874317 0.18181818181818182 0.6065573770491803
