0 0.8888888888888888 0.35390946502057613 0.21739130434782608 0.26337448559670784
0 0.6376811594202898 0.411522633744856 0.08695652173913043 0.06584362139917696
0 0.5507246376811594 0.38271604938271603 0.08695652173913043 0.06584362139917696
0 0.5555555555555556 0.4567901234567901 0.08695652173913043 0.07818930041152264
0 0.37681159420289856 0.4567901234567901 0.0966183574879227 0.07818930041152264
0 0.46859903381642515 0.34156378600823045 0.07729468599033816 0.06584362139917696
0 0.47342995169082125 0.49794238683127573 0.10628019323671498 0.08641975308641975
0 0.6473429951690821 0.49382716049382713 0.0966183574879227 0.09053497942386832
0 0.37681159420289856 0.3786008230452675 0.09178743961352658 0.06995884773662552
0 0.6231884057971014 0.2880658436213992 0.06763285024154589 0.04938271604938271
0 0.3864734299516908 0.31275720164609055 0.0821256038647343 0.05761316872427984
0 0.463768115942029 0.4156378600823045 0.0821256038647343 0.07407407407407407
0 0.36231884057971014 0.551440329218107 0.10144927536231885 0.09876543209876543
0 0.6280193236714976 0.34156378600823045 0.07729468599033816 0.05761316872427984
0 0.5555555555555556 0.5432098765432098 0.0966183574879227 0.08641975308641975
0 0.47342995169082125 0.27983539094650206 0.0821256038647343 0.06584362139917696
0 0.7198067632850241 0.37448559670781895 0.08695652173913043 0.06172839506172839
0 0.642512077294686 0.5843621399176955 0.10628019323671498 0.0823045267489712
0 0.6956521739130435 0.30864197530864196 0.07729468599033816 0.06584362139917696
0 0.5458937198067633 0.30864197530864196 0.0821256038647343 0.06172839506172839
