0 0.09777777777777778 0.68 0.18666666666666668 0.2311111111111111
0 0.6755555555555556 0.6711111111111111 0.2222222222222222 0.2088888888888889
0 0.6711111111111111 0.36444444444444446 0.2088888888888889 0.20444444444444446
0 0.2 0.8622222222222222 0.24444444444444444 0.24888888888888888
0 0.38666666666666666 0.6666666666666666 0.22666666666666666 0.2222222222222222
0 0.10222222222222223 0.35555555555555557 0.2 0.2
0 0.8088888888888889 0.5155555555555555 0.2311111111111111 0.18222222222222223
0 0.24888888888888888 0.2222222222222222 0.19555555555555557 0.2
0 0.8577777777777778 0.8577777777777778 0.24 0.2577777777777778
0 0.5377777777777778 0.8488888888888889 0.21777777777777776 0.22666666666666666
0 0.7911111111111111 0.23555555555555555 0.19555555555555557 0.18666666666666668
0 0.5288888888888889 0.23555555555555555 0.20444444444444446 0.19111111111111112
0 0.3688888888888889 0.36444444444444446 0.19111111111111112 0.2
0 0.2222222222222222 0.5111111111111111 0.21777777777777776 0.19555555555555557
0 0.5244444444444445 0.5155555555555555 0.2 0.20444444444444446
0 0.92 0.35555555555555557 0.16 0.2
0 0.9377777777777778 0.6666666666666666 0.12444444444444444 0.22666666666666666
