0 0.6355555555555555 0.7111111111111111 0.1288888888888889 0.14222222222222222
0 0.5333333333333333 0.4577777777777778 0.13333333333333333 0.13333333333333333
0 0.09777777777777778 0.4222222222222222 0.16444444444444445 0.14222222222222222
0 0.25333333333333335 0.7155555555555555 0.1511111111111111 0.14666666666666667
0 0.09777777777777778 0.7288888888888889 0.16 0.14222222222222222
0 0.09777777777777778 0.5644444444444444 0.15555555555555556 0.14666666666666667
0 0.6533333333333333 0.44 0.1111111111111111 0.10222222222222223
0 0.25333333333333335 0.56 0.1511111111111111 0.12
0 0.25333333333333335 0.4311111111111111 0.14666666666666667 0.1288888888888889
0 0.41333333333333333 0.31555555555555553 0.14222222222222222 0.14222222222222222
0 0.52 0.7066666666666667 0.10666666666666667 0.1288888888888889
0 0.5377777777777778 0.5866666666666667 0.13777777777777778 0.11555555555555555
0 0.6711111111111111 0.56 0.13333333333333333 0.1288888888888889
0 0.8933333333333333 0.5644444444444444 0.1111111111111111 0.10666666666666667
0 0.5466666666666666 0.32 0.12444444444444444 0.13777777777777778
0 0.7555555555555555 0.6933333333333334 0.11555555555555555 0.11555555555555555
0 0.38666666666666666 0.5911111111111111 0.1288888888888889 0.1288888888888889
0 0.6622222222222223 0.3244444444444444 0.1111111111111111 0.1111111111111111
0 0.8933333333333333 0.4444444444444444 0.1288888888888889 0.11555555555555555
0 0.88 0.6844444444444444 0.13777777777777778 0.13333333333333333
0 0.7866666666666666 0.5733333333333334 0.10222222222222223 0.11555555555555555
0 0.27111111111111114 0.29777777777777775 0.14222222222222222 0.14222222222222222
0 0.7688888888888888 0.3288888888888889 0.1111111111111111 0.12
0 0.39111111111111113 0.4666666666666667 0.1288888888888889 0.12
0 0.7688888888888888 0.4533333333333333 0.12444444444444444 0.12444444444444444
0 0.39555555555555555 0.7288888888888889 0.13777777777777778 0.13333333333333333
0 0.8888888888888888 0.3422222222222222 0.1288888888888889 0.10666666666666667
0 0.11555555555555555 0.27555555555555555 0.1688888888888889 0.14666666666666667
