0 0.46266666666666667 0.3463497453310696 0.08533333333333333 0.0831918505942275
0 0.5426666666666666 0.31918505942275044 0.07733333333333334 0.0865874363327674
0 0.48933333333333334 0.25806451612903225 0.07866666666666666 0.0967741935483871
0 0.32133333333333336 0.298811544991511 0.084 0.0831918505942275
0 0.6293333333333333 0.2903225806451613 0.084 0.0967741935483871
0 0.516 0.4057724957555178 0.088 0.09168081494057725
0 0.5733333333333334 0.47368421052631576 0.092 0.09507640067911714
0 0.7293333333333333 0.5025466893039049 0.09733333333333333 0.09168081494057725
0 0.38 0.3684210526315789 0.07866666666666666 0.0933786078098472
0 0.5413333333333333 0.5772495755517827 0.09733333333333333 0.11714770797962648
0 0.7573333333333333 0.4057724957555178 0.08933333333333333 0.10186757215619695
0 0.4066666666666667 0.2835314091680815 0.08266666666666667 0.07979626485568761
0 0.632 0.5398981324278438 0.096 0.09847198641765705
0 0.5706666666666667 0.23089983022071306 0.07066666666666667 0.0831918505942275
0 0.604 0.38200339558573854 0.084 0.1035653650254669
0 0.664 0.4397283531409168 0.084 0.08828522920203735
0 0.82 0.47198641765704585 0.088 0.0967741935483871
0 0.484 0.5008488964346349 0.088 0.100169779286927
0 0.7133333333333334 0.25806451612903225 0.07733333333333334 0.09507640067911714
0 0.8413333333333334 0.37860780984719866 0.08533333333333333 0.10186757215619695
0 0.3426666666666667 0.4567062818336163 0.08 0.100169779286927
0 0.692 0.35144312393887944 0.07866666666666666 0.09507640067911714
0 0.7026666666666667 0.6162988115449916 0.096 0.13752122241086587
0 0.4266666666666667 0.4295415959252971 0.07866666666666666 0.09507640067911714
0 0.796 0.5823429541595926 0.092 0.11714770797962648
0 0.776 0.31069609507640067 0.08933333333333333 0.100169779286927
0 0.2906666666666667 0.3853989813242784 0.092 0.0865874363327674
0 0.3933333333333333 0.5314091680814941 0.08933333333333333 0.11714770797962648
0 0.6093333333333333 0.6417657045840407 0.096 0.0967741935483871
