0 0.5612903225806452 0.2222222222222222 0.08387096774193549 0.14814814814814814
0 0.7032258064516129 0.6419753086419753 0.08709677419354839 0.14814814814814814
0 0.7 0.36419753086419754 0.08064516129032258 0.1419753086419753
0 0.4774193548387097 0.2222222222222222 0.07741935483870968 0.1419753086419753
0 0.6096774193548387 0.35802469135802467 0.08387096774193549 0.1419753086419753
0 0.4774193548387097 0.5 0.07419354838709677 0.12345679012345678
0 0.4258064516129032 0.37037037037037035 0.08387096774193549 0.13580246913580246
0 0.5193548387096775 0.654320987654321 0.08709677419354839 0.1419753086419753
0 0.38387096774193546 0.2222222222222222 0.08064516129032258 0.14814814814814814
0 0.2903225806451613 0.5 0.08064516129032258 0.14814814814814814
0 0.46774193548387094 0.8024691358024691 0.08064516129032258 0.15432098765432098
0 0.5129032258064516 0.35802469135802467 0.08387096774193549 0.14814814814814814
0 0.5645161290322581 0.5123456790123457 0.07741935483870968 0.14814814814814814
0 0.6580645161290323 0.49382716049382713 0.0967741935483871 0.12962962962962962
0 0.4258064516129032 0.6419753086419753 0.07741935483870968 0.1419753086419753
0 0.6645161290322581 0.808641975308642 0.08709677419354839 0.14814814814814814
0 0.2870967741935484 0.7901234567901234 0.08709677419354839 0.15432098765432098
0 0.25483870967741934 0.35802469135802467 0.08387096774193549 0.12962962962962962
0 0.33548387096774196 0.6419753086419753 0.08387096774193549 0.13580246913580246
0 0.3032258064516129 0.22839506172839505 0.08064516129032258 0.14814814814814814
0 0.7548387096774194 0.21604938271604937 0.13548387096774195 0.15432098765432098
0 0.38064516129032255 0.7962962962962963 0.08387096774193549 0.15432098765432098
0 0.567741935483871 0.8024691358024691 0.08387096774193549 0.14814814814814814
0 0.6483870967741936 0.21604938271604937 0.07741935483870968 0.15432098765432098
0 0.6096774193548387 0.6481481481481481 0.09032258064516129 0.14814814814814814
