0 0.4942528735632184 0.8601036269430051 0.24521072796934865 0.26424870466321243
0 0.9003831417624522 0.8704663212435233 0.19540229885057472 0.24352331606217617
0 0.10727969348659004 0.6217616580310881 0.20689655172413793 0.25906735751295334
0 0.09195402298850575 0.8860103626943006 0.18007662835249041 0.21243523316062177
0 0.4827586206896552 0.35233160621761656 0.19157088122605365 0.18652849740932642
0 0.6666666666666666 0.48186528497409326 0.18773946360153257 0.25906735751295334
0 0.2950191570881226 0.46113989637305697 0.210727969348659 0.22279792746113988
0 0.3103448275862069 0.25906735751295334 0.1685823754789272 0.17616580310880828
0 0.46360153256704983 0.16580310880829016 0.16475095785440613 0.18652849740932642
0 0.6360153256704981 0.24870466321243523 0.1839080459770115 0.20207253886010362
0 0.4827586206896552 0.5854922279792746 0.21839080459770116 0.25906735751295334
0 0.2720306513409962 0.7616580310880829 0.23371647509578544 0.2849740932642487
0 0.6934865900383141 0.7616580310880829 0.21839080459770116 0.29015544041450775
0 0.8735632183908046 0.5958549222797928 0.20306513409961685 0.23834196891191708
0 0.7816091954022989 0.15544041450777202 0.18007662835249041 0.16580310880829016
0 0.1532567049808429 0.17616580310880828 0.18007662835249041 0.18134715025906736
0 0.31800766283524906 0.08290155440414508 0.14942528735632185 0.16062176165803108
0 0.8122605363984674 0.35233160621761656 0.19157088122605365 0.23316062176165803
0 0.12643678160919541 0.36787564766839376 0.19157088122605365 0.20207253886010362
0 0.6168582375478927 0.07772020725388601 0.15708812260536398 0.14507772020725387
