0 0.3244444444444444 0.5822222222222222 0.16444444444444445 0.16
0 0.6533333333333333 0.44 0.1511111111111111 0.14222222222222222
0 0.6622222222222223 0.5866666666666667 0.16444444444444445 0.1511111111111111
0 0.49777777777777776 0.4311111111111111 0.16 0.14222222222222222
0 0.49333333333333335 0.5822222222222222 0.16444444444444445 0.15555555555555556
0 0.3422222222222222 0.4311111111111111 0.14666666666666667 0.13333333333333333
0 0.4888888888888889 0.7555555555555555 0.17777777777777778 0.18222222222222223
0 0.26666666666666666 0.7688888888888888 0.25333333333333335 0.21333333333333335
0 0.6711111111111111 0.7555555555555555 0.17333333333333334 0.18222222222222223
0 0.26222222222222225 0.31555555555555553 0.17333333333333334 0.1511111111111111
