0 0.10583941605839416 0.8858695652173914 0.20437956204379562 0.22826086956521738
0 0.6678832116788321 0.8641304347826086 0.20437956204379562 0.2717391304347826
0 0.45255474452554745 0.8641304347826086 0.20437956204379562 0.2717391304347826
0 0.5182481751824818 0.3423913043478261 0.19343065693430658 0.2391304347826087
0 0.09854014598540146 0.1358695652173913 0.1897810218978102 0.27717391304347827
0 0.8795620437956204 0.5163043478260869 0.17883211678832117 0.29347826086956524
0 0.864963503649635 0.8858695652173914 0.20802919708029197 0.22826086956521738
0 0.2591240875912409 0.842391304347826 0.17883211678832117 0.2826086956521739
0 0.5072992700729927 0.592391304347826 0.17153284671532848 0.2608695652173913
0 0.6897810218978102 0.5597826086956522 0.21532846715328466 0.32065217391304346
0 0.5437956204379562 0.07065217391304347 0.20072992700729927 0.14673913043478262
0 0.2664233576642336 0.31521739130434784 0.20072992700729927 0.29347826086956524
0 0.8722627737226277 0.21195652173913043 0.20072992700729927 0.30434782608695654
0 0.7007299270072993 0.31521739130434784 0.19343065693430658 0.1956521739130435
0 0.30656934306569344 0.5706521739130435 0.18613138686131386 0.2608695652173913
0 0.10583941605839416 0.657608695652174 0.18613138686131386 0.20108695652173914
0 0.11313868613138686 0.41847826086956524 0.18613138686131386 0.27717391304347827
0 0.9233576642335767 0.7282608695652174 0.14963503649635038 0.23369565217391305
