0 0.28938906752411575 0.43209876543209874 0.0932475884244373 0.16049382716049382
0 0.4565916398713826 0.25308641975308643 0.08360128617363344 0.12962962962962962
0 0.4565916398713826 0.41358024691358025 0.08360128617363344 0.16049382716049382
0 0.4533762057877814 0.7469135802469136 0.07717041800643087 0.17901234567901234
0 0.3762057877813505 0.41975308641975306 0.07717041800643087 0.17901234567901234
0 0.5401929260450161 0.41975308641975306 0.07717041800643087 0.17901234567901234
0 0.5337620578778135 0.7530864197530864 0.08360128617363344 0.16049382716049382
0 0.3858520900321543 0.5987654320987654 0.08038585209003216 0.1728395061728395
0 0.28938906752411575 0.7592592592592593 0.08360128617363344 0.15432098765432098
0 0.3729903536977492 0.7654320987654321 0.08360128617363344 0.14814814814814814
0 0.28938906752411575 0.2654320987654321 0.08681672025723473 0.14814814814814814
0 0.5434083601286174 0.25925925925925924 0.08360128617363344 0.1419753086419753
0 0.3762057877813505 0.25925925925925924 0.07717041800643087 0.1419753086419753
0 0.4758842443729904 0.5740740740740741 0.07717041800643087 0.15432098765432098
0 0.5594855305466238 0.5987654320987654 0.08681672025723473 0.1728395061728395
0 0.6237942122186495 0.30246913580246915 0.08681672025723473 0.1728395061728395
0 0.3022508038585209 0.5987654320987654 0.08038585209003216 0.16049382716049382
0 0.7138263665594855 0.2654320987654321 0.07717041800643087 0.15432098765432098
0 0.6591639871382636 0.6296296296296297 0.08360128617363344 0.1419753086419753
0 0.6205787781350482 0.7592592592592593 0.08681672025723473 0.15432098765432098
0 0.7202572347266881 0.5617283950617284 0.07717041800643087 0.15432098765432098
