0 0.7352941176470589 0.6108108108108108 0.17647058823529413 0.15675675675675677
0 0.4264705882352941 0.3783783783783784 0.17279411764705882 0.21621621621621623
0 0.5477941176470589 0.5675675675675675 0.1875 0.16756756756756758
0 0.18382352941176472 0.4648648648648649 0.19117647058823528 0.16216216216216217
0 0.7904411764705882 0.4702702702702703 0.1801470588235294 0.17297297297297298
0 0.3235294117647059 0.16756756756756758 0.17279411764705882 0.1783783783783784
0 0.3639705882352941 0.5297297297297298 0.17647058823529413 0.14054054054054055
0 0.25735294117647056 0.31351351351351353 0.16176470588235295 0.15675675675675677
0 0.8639705882352942 0.2918918918918919 0.19852941176470587 0.22702702702702704
0 0.6066176470588235 0.40540540540540543 0.18382352941176472 0.1891891891891892
