0 0.41363636363636364 0.9126637554585153 0.16363636363636364 0.14847161572052403
0 0.22727272727272727 0.9170305676855895 0.15454545454545454 0.14847161572052403
0 0.6090909090909091 0.9039301310043668 0.1590909090909091 0.15283842794759825
0 0.5136363636363637 0.5633187772925764 0.12727272727272726 0.10480349344978165
0 0.6909090909090909 0.7729257641921398 0.15 0.13100436681222707
0 0.7636363636363637 0.6593886462882096 0.15 0.11790393013100436
0 0.5136363636363637 0.7729257641921398 0.14545454545454545 0.12663755458515283
0 0.35909090909090907 0.5676855895196506 0.12727272727272726 0.10480349344978165
0 0.9727272727272728 0.5240174672489083 0.05454545454545454 0.09606986899563319
0 0.15454545454545454 0.7816593886462883 0.15 0.13100436681222707
0 0.8727272727272727 0.7641921397379913 0.14545454545454545 0.12663755458515283
0 0.33636363636363636 0.777292576419214 0.14545454545454545 0.12663755458515283
0 0.8227272727272728 0.5589519650655022 0.1318181818181818 0.10480349344978165
0 0.6636363636363637 0.5633187772925764 0.1318181818181818 0.10043668122270742
0 0.19090909090909092 0.5676855895196506 0.1318181818181818 0.1091703056768559
0 0.8045454545454546 0.8951965065502183 0.1590909090909091 0.15283842794759825
0 0.5954545454545455 0.6593886462882096 0.1409090909090909 0.11353711790393013
0 0.4318181818181818 0.6637554585152838 0.13636363636363635 0.11353711790393013
0 0.2590909090909091 0.6681222707423581 0.1318181818181818 0.1222707423580786
0 0.9818181818181818 0.3231441048034934 0.031818181818181815 0.13973799126637554
