0 0.832258064516129 0.4294478527607362 0.11290322580645161 0.19631901840490798
0 0.5741935483870968 0.7975460122699386 0.16774193548387098 0.22699386503067484
0 0.867741935483871 0.6257668711656442 0.1064516129032258 0.1901840490797546
0 0.31290322580645163 0.6257668711656442 0.11290322580645161 0.2085889570552147
0 0.432258064516129 0.7975460122699386 0.11612903225806452 0.24539877300613497
0 0.12580645161290321 0.3558282208588957 0.11290322580645161 0.22085889570552147
0 0.8032258064516129 0.2331288343558282 0.0935483870967742 0.17791411042944785
0 0.603225806451613 0.24539877300613497 0.0967741935483871 0.18404907975460122
0 0.4 0.22085889570552147 0.1064516129032258 0.15950920245398773
0 0.4 0.4049079754601227 0.1032258064516129 0.2147239263803681
0 0.22903225806451613 0.25153374233128833 0.10967741935483871 0.2147239263803681
0 0.6935483870967742 0.4049079754601227 0.12258064516129032 0.2147239263803681
0 0.5032258064516129 0.2392638036809816 0.1 0.18404907975460122
0 0.5419354838709678 0.5828220858895705 0.1032258064516129 0.20245398773006135
0 0.7 0.22699386503067484 0.1064516129032258 0.15950920245398773
0 0.7161290322580646 0.7791411042944786 0.10967741935483871 0.25153374233128833
0 0.2903225806451613 0.4233128834355828 0.1064516129032258 0.1901840490797546
0 0.432258064516129 0.5950920245398773 0.11612903225806452 0.15950920245398773
0 0.8193548387096774 0.7791411042944786 0.0967741935483871 0.2147239263803681
