0 0.39111111111111113 0.7777777777777778 0.21777777777777776 0.2088888888888889
0 0.5866666666666667 0.48444444444444446 0.18666666666666668 0.16444444444444445
0 0.4 0.5733333333333334 0.19111111111111112 0.17777777777777778
0 0.24 0.68 0.19555555555555557 0.2
0 0.5688888888888889 0.68 0.19555555555555557 0.2088888888888889
0 0.8711111111111111 0.04 0.08 0.06222222222222222
0 0.96 0.1511111111111111 0.07555555555555556 0.06666666666666667
0 0.07555555555555556 0.4311111111111111 0.1511111111111111 0.15555555555555556
0 0.5511111111111111 0.3422222222222222 0.20444444444444446 0.15555555555555556
0 0.26666666666666666 0.27111111111111114 0.5333333333333333 0.5466666666666666
0 0.8844444444444445 0.2 0.06666666666666667 0.06666666666666667
0 0.8844444444444445 0.1111111111111111 0.07555555555555556 0.07555555555555556
