0 0.7288888888888889 0.7555555555555555 0.13333333333333333 0.11555555555555555
0 0.6355555555555555 0.4577777777777778 0.13333333333333333 0.12
0 0.5377777777777778 0.7511111111111111 0.13777777777777778 0.12
0 0.64 0.6488888888888888 0.14222222222222222 0.12
0 0.5377777777777778 0.5511111111111111 0.13777777777777778 0.11555555555555555
0 0.6311111111111111 0.28444444444444444 0.12 0.12
0 0.2577777777777778 0.6444444444444445 0.12444444444444444 0.1288888888888889
0 0.44 0.8533333333333334 0.14222222222222222 0.12444444444444444
0 0.4533333333333333 0.4577777777777778 0.1288888888888889 0.12444444444444444
0 0.7155555555555555 0.37333333333333335 0.13333333333333333 0.10666666666666667
0 0.27111111111111114 0.4533333333333333 0.14222222222222222 0.12
0 0.6222222222222222 0.12444444444444444 0.1111111111111111 0.1111111111111111
0 0.3688888888888889 0.2 0.12 0.11555555555555555
0 0.5422222222222223 0.2 0.12444444444444444 0.12
0 0.36 0.56 0.13333333333333333 0.11555555555555555
0 0.4666666666666667 0.12444444444444444 0.11555555555555555 0.11555555555555555
0 0.5422222222222223 0.37333333333333335 0.12444444444444444 0.1111111111111111
0 0.36 0.3688888888888889 0.12444444444444444 0.1111111111111111
0 0.7288888888888889 0.5555555555555556 0.13333333333333333 0.12
0 0.2577777777777778 0.8488888888888889 0.13333333333333333 0.14666666666666667
0 0.29333333333333333 0.12444444444444444 0.10666666666666667 0.11555555555555555
0 0.4444444444444444 0.6444444444444445 0.13777777777777778 0.13777777777777778
0 0.7155555555555555 0.20444444444444446 0.12444444444444444 0.1288888888888889
0 0.4577777777777778 0.28 0.12444444444444444 0.11555555555555555
