0 0.6666666666666666 0.14222222222222222 0.09333333333333334 0.10666666666666667
0 0.4488888888888889 0.5155555555555555 0.10666666666666667 0.1111111111111111
0 0.68 0.38666666666666666 0.10666666666666667 0.10222222222222223
0 0.4444444444444444 0.37777777777777777 0.10666666666666667 0.11555555555555555
0 0.17777777777777778 0.31555555555555553 0.10666666666666667 0.1111111111111111
0 0.6755555555555556 0.26666666666666666 0.09777777777777778 0.10666666666666667
0 0.8666666666666667 0.52 0.10666666666666667 0.10222222222222223
0 0.8488888888888889 0.26666666666666666 0.10222222222222223 0.10222222222222223
0 0.4444444444444444 0.25333333333333335 0.09777777777777778 0.1111111111111111
0 0.43555555555555553 0.13777777777777778 0.10222222222222223 0.10222222222222223
0 0.17777777777777778 0.5822222222222222 0.1111111111111111 0.12
0 0.35555555555555557 0.19555555555555557 0.09777777777777778 0.10222222222222223
0 0.6088888888888889 0.5911111111111111 0.1288888888888889 0.11555555555555555
0 0.5822222222222222 0.3288888888888889 0.1111111111111111 0.11555555555555555
0 0.35555555555555557 0.4488888888888889 0.09777777777777778 0.1111111111111111
0 0.7644444444444445 0.3244444444444444 0.10222222222222223 0.1111111111111111
0 0.6933333333333334 0.5155555555555555 0.12 0.11555555555555555
0 0.35555555555555557 0.32 0.09777777777777778 0.10666666666666667
0 0.5822222222222222 0.20444444444444446 0.10666666666666667 0.11555555555555555
0 0.5911111111111111 0.4488888888888889 0.10222222222222223 0.11555555555555555
0 0.27111111111111114 0.5111111111111111 0.10666666666666667 0.11555555555555555
0 0.26666666666666666 0.37777777777777777 0.10666666666666667 0.12
0 0.7822222222222223 0.5866666666666667 0.11555555555555555 0.12
0 0.8266666666666667 0.14666666666666667 0.10666666666666667 0.10222222222222223
0 0.7777777777777778 0.4488888888888889 0.09777777777777778 0.12
0 0.35555555555555557 0.5911111111111111 0.10666666666666667 0.12
0 0.17333333333333334 0.4533333333333333 0.10222222222222223 0.11555555555555555
0 0.27555555555555555 0.13777777777777778 0.09777777777777778 0.10222222222222223
0 0.8577777777777778 0.39111111111111113 0.1111111111111111 0.09777777777777778
0 0.27555555555555555 0.26222222222222225 0.08888888888888889 0.10222222222222223
0 0.7511111111111111 0.2088888888888889 0.09333333333333334 0.10666666666666667
0 0.19111111111111112 0.2 0.09777777777777778 0.10222222222222223
