0 0.7008928571428571 0.41964285714285715 0.10267857142857142 0.09375
0 0.78125 0.34375 0.10267857142857142 0.09375
0 0.375 0.41964285714285715 0.10714285714285714 0.10267857142857142
0 0.29017857142857145 0.34375 0.09375 0.09821428571428571
0 0.78125 0.6517857142857143 0.11160714285714286 0.10267857142857142
0 0.5401785714285714 0.41517857142857145 0.10714285714285714 0.09375
0 0.7053571428571429 0.5758928571428571 0.09375 0.09821428571428571
0 0.53125 0.5758928571428571 0.10267857142857142 0.10267857142857142
0 0.625 0.3392857142857143 0.09821428571428571 0.10267857142857142
0 0.45089285714285715 0.5133928571428571 0.10267857142857142 0.09821428571428571
0 0.45535714285714285 0.65625 0.08928571428571429 0.10267857142857142
0 0.6294642857142857 0.5 0.08928571428571429 0.10267857142857142
0 0.20982142857142858 0.41517857142857145 0.09821428571428571 0.09375
0 0.3705357142857143 0.5803571428571429 0.08928571428571429 0.09821428571428571
0 0.625 0.65625 0.08928571428571429 0.09375
0 0.78125 0.5044642857142857 0.10267857142857142 0.09375
