0 0.7090301003344481 0.44047619047619047 0.11371237458193979 0.1488095238095238
0 0.6387959866220736 0.7023809523809523 0.13712374581939799 0.16666666666666666
0 0.5150501672240803 0.39880952380952384 0.09698996655518395 0.11904761904761904
0 0.7324414715719063 0.6011904761904762 0.13043478260869565 0.16666666666666666
0 0.5217391304347826 0.8273809523809523 0.15384615384615385 0.19642857142857142
0 0.6120401337792643 0.5535714285714286 0.12374581939799331 0.16071428571428573
0 0.4280936454849498 0.4642857142857143 0.10033444816053512 0.13095238095238096
0 0.26421404682274247 0.38095238095238093 0.0903010033444816 0.11904761904761904
0 0.6020066889632107 0.42857142857142855 0.10033444816053512 0.10714285714285714
0 0.5183946488294314 0.27976190476190477 0.07692307692307693 0.1130952380952381
0 0.6755852842809364 0.8630952380952381 0.1605351170568562 0.15476190476190477
0 0.5150501672240803 0.5119047619047619 0.09698996655518395 0.1130952380952381
0 0.6020066889632107 0.32142857142857145 0.08361204013377926 0.10714285714285714
0 0.42474916387959866 0.5892857142857143 0.10702341137123746 0.125
0 0.03678929765886288 0.4880952380952381 0.07692307692307693 0.125
0 0.4414715719063545 0.2619047619047619 0.0802675585284281 0.10119047619047619
0 0.34448160535117056 0.4226190476190476 0.0903010033444816 0.09523809523809523
0 0.7859531772575251 0.35714285714285715 0.11036789297658862 0.11904761904761904
0 0.32441471571906355 0.5476190476190477 0.11036789297658862 0.16071428571428573
0 0.0903010033444816 0.39880952380952384 0.11705685618729098 0.16071428571428573
