0 0.5360824742268041 0.34615384615384615 0.25773195876288657 0.2
0 0.6288659793814433 0.7576923076923077 0.15463917525773196 0.13076923076923078
0 0.41237113402061853 0.7576923076923077 0.17525773195876287 0.13076923076923078
0 0.5257731958762887 0.6538461538461539 0.16494845360824742 0.11923076923076924
0 0.8608247422680413 0.7615384615384615 0.18556701030927836 0.13076923076923078
0 0.31443298969072164 0.8615384615384616 0.16494845360824742 0.1423076923076923
0 0.8505154639175257 0.5615384615384615 0.15463917525773196 0.11538461538461539
0 0.7422680412371134 0.8576923076923076 0.15463917525773196 0.13076923076923078
0 0.6288659793814433 0.5653846153846154 0.15979381443298968 0.11538461538461539
0 0.30927835051546393 0.6615384615384615 0.15979381443298968 0.12692307692307692
0 0.422680412371134 0.5692307692307692 0.14432989690721648 0.10384615384615385
0 0.20618556701030927 0.5615384615384615 0.17010309278350516 0.10384615384615385
0 0.9072164948453608 0.1346153846153846 0.15979381443298968 0.14615384615384616
0 0.1134020618556701 0.6576923076923077 0.17010309278350516 0.1076923076923077
0 0.7268041237113402 0.6576923076923077 0.17010309278350516 0.11153846153846154
0 0.18556701030927836 0.3384615384615385 0.25257731958762886 0.2076923076923077
0 0.20618556701030927 0.7576923076923077 0.18041237113402062 0.13076923076923078
0 0.520618556701031 0.8615384615384616 0.15979381443298968 0.13846153846153847
