0 0.7637362637362637 0.3285198555956679 0.3241758241758242 0.21299638989169675
0 0.46153846153846156 0.3140794223826715 0.27472527472527475 0.19855595667870035
0 0.7802197802197802 0.5270758122743683 0.2692307692307692 0.17689530685920576
0 0.2087912087912088 0.12274368231046931 0.2857142857142857 0.19494584837545126
0 0.7637362637362637 0.9133574007220217 0.2857142857142857 0.17328519855595667
0 0.7417582417582418 0.7220216606498195 0.33516483516483514 0.20938628158844766
0 0.4175824175824176 0.7509025270758123 0.29120879120879123 0.16967509025270758
0 0.532967032967033 0.12274368231046931 0.27472527472527475 0.18411552346570398
0 0.521978021978022 0.5956678700361011 0.27472527472527475 0.1588447653429603
0 0.489010989010989 0.9133574007220217 0.23076923076923078 0.1588447653429603
0 0.17582417582417584 0.33574007220216606 0.26373626373626374 0.16606498194945848
0 0.1978021978021978 0.48014440433212996 0.17582417582417584 0.11552346570397112
0 0.7802197802197802 0.1371841155234657 0.2857142857142857 0.16606498194945848
0 0.3901098901098901 0.48014440433212996 0.1978021978021978 0.12274368231046931
0 0.2857142857142857 0.6101083032490975 0.1978021978021978 0.1371841155234657
