0 0.5688888888888889 0.5377777777777778 0.14222222222222222 0.1288888888888889
0 0.4533333333333333 0.47555555555555556 0.12444444444444444 0.1111111111111111
0 0.4577777777777778 0.6266666666666667 0.1511111111111111 0.14666666666666667
0 0.3422222222222222 0.5555555555555556 0.13333333333333333 0.12444444444444444
0 0.5466666666666666 0.41333333333333333 0.1111111111111111 0.10222222222222223
0 0.6533333333333333 0.4666666666666667 0.12 0.10666666666666667
0 0.3511111111111111 0.4266666666666667 0.11555555555555555 0.10666666666666667
0 0.6266666666666667 0.3511111111111111 0.10666666666666667 0.08444444444444445
0 0.5955555555555555 0.26222222222222225 0.09333333333333334 0.07555555555555556
0 0.4488888888888889 0.37333333333333335 0.10222222222222223 0.08888888888888889
0 0.5288888888888889 0.32 0.08888888888888889 0.07555555555555556
0 0.6933333333333334 0.3022222222222222 0.10666666666666667 0.08
0 0.3511111111111111 0.3333333333333333 0.10666666666666667 0.07555555555555556
0 0.6711111111111111 0.21333333333333335 0.08888888888888889 0.08
0 0.4311111111111111 0.28444444444444444 0.09333333333333334 0.08
0 0.5066666666666667 0.23555555555555555 0.08888888888888889 0.07555555555555556
0 0.76 0.24888888888888888 0.09777777777777778 0.07555555555555556
