0 0.37333333333333335 0.48444444444444446 0.11555555555555555 0.11555555555555555
0 0.5066666666666667 0.48 0.12444444444444444 0.12
0 0.6977777777777778 0.4088888888888889 0.1111111111111111 0.10222222222222223
0 0.3244444444444444 0.39555555555555555 0.11555555555555555 0.09333333333333334
0 0.5733333333333334 0.4088888888888889 0.1111111111111111 0.10666666666666667
0 0.18222222222222223 0.41333333333333333 0.12 0.11555555555555555
0 0.64 0.49333333333333335 0.12 0.12444444444444444
0 0.24 0.48444444444444446 0.12444444444444444 0.11555555555555555
0 0.7777777777777778 0.32 0.16 0.13777777777777778
0 0.4444444444444444 0.4 0.12 0.10222222222222223
0 0.22666666666666666 0.32 0.15555555555555556 0.12444444444444444
0 0.68 0.28888888888888886 0.09777777777777778 0.08444444444444445
