0 0.5955555555555555 0.44 0.1511111111111111 0.1288888888888889
0 0.6533333333333333 0.6888888888888889 0.16444444444444445 0.1511111111111111
0 0.4888888888888889 0.35555555555555557 0.13777777777777778 0.11555555555555555
0 0.7644444444444445 0.4177777777777778 0.17777777777777778 0.14666666666666667
0 0.7111111111111111 0.5555555555555556 0.17777777777777778 0.1511111111111111
0 0.3377777777777778 0.37777777777777777 0.14666666666666667 0.11555555555555555
0 0.5377777777777778 0.5644444444444444 0.15555555555555556 0.14666666666666667
0 0.5511111111111111 0.26666666666666666 0.14222222222222222 0.1111111111111111
0 0.44 0.4622222222222222 0.14666666666666667 0.12444444444444444
0 0.6044444444444445 0.16 0.13333333333333333 0.1111111111111111
0 0.18666666666666668 0.5822222222222222 0.15555555555555556 0.11555555555555555
0 0.35555555555555557 0.5866666666666667 0.1688888888888889 0.16
0 0.27111111111111114 0.4711111111111111 0.14222222222222222 0.13333333333333333
0 0.8088888888888889 0.31555555555555553 0.14222222222222222 0.10222222222222223
0 0.6488888888888888 0.3377777777777778 0.13777777777777778 0.11555555555555555
