0 0.584 0.5544554455445545 0.152 0.16831683168316833
0 0.744 0.5544554455445545 0.16 0.16831683168316833
0 0.248 0.5544554455445545 0.168 0.19306930693069307
0 0.42 0.5544554455445545 0.172 0.18316831683168316
0 0.576 0.400990099009901 0.16 0.14356435643564355
0 0.256 0.38613861386138615 0.156 0.15841584158415842
0 0.288 0.2623762376237624 0.144 0.12376237623762376
0 0.432 0.27722772277227725 0.148 0.1188118811881188
0 0.58 0.2722772277227723 0.148 0.1188118811881188
0 0.74 0.41089108910891087 0.168 0.12376237623762376
0 0.856 0.33663366336633666 0.288 0.6782178217821783
