0 0.2246376811594203 0.8688524590163934 0.2391304347826087 0.2568306010928962
0 0.391304347826087 0.6939890710382514 0.2028985507246377 0.36065573770491804
0 0.1956521739130435 0.15300546448087432 0.21739130434782608 0.3005464480874317
0 0.34782608695652173 0.36065573770491804 0.23550724637681159 0.2896174863387978
0 0.6413043478260869 0.5737704918032787 0.3115942028985507 0.3333333333333333
0 0.13405797101449277 0.6065573770491803 0.2246376811594203 0.34972677595628415
0 0.42391304347826086 0.12021857923497267 0.2391304347826087 0.24043715846994534
0 0.9166666666666666 0.907103825136612 0.16304347826086957 0.18032786885245902
0 0.6485507246376812 0.8743169398907104 0.3442028985507246 0.25136612021857924
0 0.6195652173913043 0.23497267759562843 0.18115942028985507 0.32786885245901637
0 0.7717391304347826 0.07103825136612021 0.17028985507246377 0.14207650273224043
0 0.9021739130434783 0.17486338797814208 0.19202898550724637 0.34972677595628415
0 0.06521739130434782 0.29508196721311475 0.13043478260869565 0.36065573770491804
0 0.04710144927536232 0.060109289617486336 0.09420289855072464 0.12568306010928962
0 0.8913043478260869 0.5737704918032787 0.20652173913043478 0.48633879781420764
