0 0.4671814671814672 0.711340206185567 0.1891891891891892 0.24742268041237114
0 0.3474903474903475 0.9072164948453608 0.20077220077220076 0.18556701030927836
0 0.7451737451737451 0.5515463917525774 0.18146718146718147 0.2268041237113402
0 0.5598455598455598 0.8969072164948454 0.2084942084942085 0.1958762886597938
0 0.6563706563706564 0.7216494845360825 0.18146718146718147 0.2422680412371134
0 0.15444015444015444 0.8917525773195877 0.1891891891891892 0.211340206185567
0 0.16216216216216217 0.3556701030927835 0.16988416988416988 0.18041237113402062
0 0.3281853281853282 0.36082474226804123 0.16216216216216217 0.18041237113402062
0 0.5637065637065637 0.5309278350515464 0.17374517374517376 0.20103092783505155
0 0.277992277992278 0.7010309278350515 0.18146718146718147 0.23711340206185566
0 0.8494208494208494 0.7371134020618557 0.1891891891891892 0.23195876288659795
0 0.8108108108108109 0.36597938144329895 0.17374517374517376 0.17525773195876287
0 0.49034749034749037 0.37628865979381443 0.16216216216216217 0.20103092783505155
0 0.6332046332046332 0.08247422680412371 0.14285714285714285 0.14432989690721648
0 0.9382239382239382 0.9020618556701031 0.12355212355212356 0.19072164948453607
0 0.7683397683397684 0.9123711340206185 0.2277992277992278 0.17010309278350516
0 0.6486486486486487 0.3711340206185567 0.15057915057915058 0.17525773195876287
0 0.09652509652509653 0.7010309278350515 0.19305019305019305 0.20103092783505155
0 0.9305019305019305 0.08247422680412371 0.1274131274131274 0.15979381443298968
0 0.4942084942084942 0.09278350515463918 0.14671814671814673 0.19072164948453607
0 0.42084942084942084 0.2268041237113402 0.15057915057915058 0.18556701030927836
0 0.39768339768339767 0.5309278350515464 0.16216216216216217 0.19072164948453607
0 0.07335907335907337 0.08247422680412371 0.11969111969111969 0.14432989690721648
0 0.915057915057915 0.5412371134020618 0.16602316602316602 0.21649484536082475
0 0.20463320463320464 0.07731958762886598 0.15057915057915058 0.15463917525773196
0 0.9768339768339769 0.20618556701030927 0.04247104247104247 0.17010309278350516
0 0.5675675675675675 0.22164948453608246 0.14285714285714285 0.17010309278350516
0 0.06563706563706563 0.5154639175257731 0.13513513513513514 0.211340206185567
0 0.3474903474903475 0.07731958762886598 0.14285714285714285 0.13917525773195877
0 0.10810810810810811 0.21649484536082475 0.14671814671814673 0.14432989690721648
0 0.22393822393822393 0.5257731958762887 0.18146718146718147 0.18556701030927836
0 0.8803088803088803 0.23711340206185566 0.15444015444015444 0.16494845360824742
0 0.2625482625482625 0.20618556701030927 0.16988416988416988 0.17525773195876287
