0 0.5764192139737991 0.4909090909090909 0.13973799126637554 0.13636363636363635
0 0.2794759825327511 0.4909090909090909 0.14847161572052403 0.13636363636363635
0 0.6768558951965066 0.5909090909090909 0.15283842794759825 0.15
0 0.5065502183406113 0.6090909090909091 0.1572052401746725 0.16363636363636364
0 0.6986899563318777 0.2772727272727273 0.13537117903930132 0.11363636363636363
0 0.5065502183406113 0.38636363636363635 0.1222707423580786 0.11818181818181818
0 0.35807860262008734 0.6090909090909091 0.13973799126637554 0.13636363636363635
0 0.6375545851528385 0.37272727272727274 0.13537117903930132 0.11363636363636363
0 0.7991266375545851 0.37272727272727274 0.13100436681222707 0.1318181818181818
0 0.4192139737991266 0.2909090909090909 0.12663755458515283 0.12727272727272726
0 0.611353711790393 0.19545454545454546 0.13100436681222707 0.1
0 0.8733624454148472 0.2636363636363636 0.18340611353711792 0.11818181818181818
0 0.5589519650655022 0.2818181818181818 0.13973799126637554 0.10909090909090909
