0 0.33035714285714285 0.8266666666666667 0.3794642857142857 0.3333333333333333
0 0.7232142857142857 0.8444444444444444 0.36160714285714285 0.3111111111111111
0 0.6116071428571429 0.10222222222222223 0.2857142857142857 0.2088888888888889
0 0.32589285714285715 0.08444444444444445 0.29017857142857145 0.17333333333333334
0 0.20535714285714285 0.52 0.33035714285714285 0.32
0 0.7633928571428571 0.29777777777777775 0.3080357142857143 0.28444444444444444
0 0.5669642857142857 0.5555555555555556 0.29464285714285715 0.31555555555555553
0 0.42857142857142855 0.27555555555555555 0.3080357142857143 0.26666666666666666
0 0.8660714285714286 0.5822222222222222 0.26785714285714285 0.3244444444444444
0 0.13392857142857142 0.24888888888888888 0.26785714285714285 0.28888888888888886
0 0.07142857142857142 0.7955555555555556 0.14732142857142858 0.40444444444444444
