0 0.33955223880597013 0.15425531914893617 0.15298507462686567 0.2127659574468085
0 0.22014925373134328 0.3404255319148936 0.16417910447761194 0.2393617021276596
0 0.48507462686567165 0.2978723404255319 0.15671641791044777 0.24468085106382978
0 0.7089552238805971 0.1702127659574468 0.22014925373134328 0.2712765957446808
0 0.39552238805970147 0.6968085106382979 0.1791044776119403 0.23404255319148937
0 0.6828358208955224 0.5 0.1828358208955224 0.26063829787234044
0 0.7686567164179104 0.6968085106382979 0.15671641791044777 0.2127659574468085
0 0.503731343283582 0.5212765957446809 0.16791044776119404 0.23404255319148937
0 0.24253731343283583 0.7127659574468085 0.12686567164179105 0.15425531914893617
0 0.35447761194029853 0.43617021276595747 0.14925373134328357 0.25
0 0.208955223880597 0.17553191489361702 0.13059701492537312 0.1595744680851064
