0 0.16129032258064516 0.6939655172413793 0.18433179723502305 0.15948275862068967
0 0.45161290322580644 0.5646551724137931 0.14746543778801843 0.14655172413793102
0 0.31797235023041476 0.6293103448275862 0.1382488479262673 0.12931034482758622
0 0.34101382488479265 0.5043103448275862 0.1382488479262673 0.1206896551724138
0 0.5668202764976958 0.3879310344827586 0.12442396313364056 0.10775862068965517
0 0.45622119815668205 0.4353448275862069 0.12442396313364056 0.10775862068965517
0 0.2119815668202765 0.5517241379310345 0.12903225806451613 0.13793103448275862
0 0.6728110599078341 0.44396551724137934 0.1382488479262673 0.12931034482758622
0 0.07373271889400922 0.625 0.14746543778801843 0.16810344827586207
0 0.2488479262672811 0.43103448275862066 0.15207373271889402 0.1206896551724138
0 0.10599078341013825 0.4698275862068966 0.1336405529953917 0.11206896551724138
0 0.4792626728110599 0.3275862068965517 0.1152073732718894 0.09913793103448276
0 0.5668202764976958 0.5 0.12903225806451613 0.11637931034482758
0 0.3686635944700461 0.375 0.1336405529953917 0.11637931034482758
0 0.5622119815668203 0.27586206896551724 0.11059907834101383 0.11206896551724138
0 0.6543778801843319 0.33189655172413796 0.10599078341013825 0.09482758620689655
0 0.027649769585253458 0.521551724137931 0.055299539170506916 0.08189655172413793
