0 0.37333333333333335 0.5288888888888889 0.27111111111111114 0.22666666666666666
0 0.68 0.4444444444444444 0.27555555555555555 0.24444444444444444
0 0.8977777777777778 0.38666666666666666 0.20444444444444446 0.2222222222222222
0 0.3288888888888889 0.7688888888888888 0.27111111111111114 0.28
0 0.8977777777777778 0.6177777777777778 0.20444444444444446 0.2311111111111111
0 0.39111111111111113 0.3111111111111111 0.2311111111111111 0.2
0 0.6755555555555556 0.23555555555555555 0.24888888888888888 0.19555555555555557
0 0.4088888888888889 0.10666666666666667 0.21333333333333335 0.20444444444444446
0 0.6666666666666666 0.6933333333333334 0.29777777777777775 0.25333333333333335
0 0.12 0.6711111111111111 0.23555555555555555 0.28888888888888886
0 0.6755555555555556 0.9111111111111111 0.29333333333333333 0.17777777777777778
0 0.1511111111111111 0.4 0.24 0.25333333333333335
0 0.8888888888888888 0.8622222222222222 0.21333333333333335 0.27111111111111114
0 0.6755555555555556 0.07111111111111111 0.2088888888888889 0.14222222222222222
0 0.88 0.18222222222222223 0.2 0.17333333333333334
0 0.15555555555555556 0.18666666666666668 0.25333333333333335 0.19555555555555557
0 0.20444444444444446 0.04888888888888889 0.22666666666666666 0.10222222222222223
0 0.09333333333333334 0.9155555555555556 0.18222222222222223 0.16444444444444445
