0 0.8177777777777778 0.8088888888888889 0.25333333333333335 0.23555555555555555
0 0.40444444444444444 0.48 0.1111111111111111 0.08888888888888889
0 0.48444444444444446 0.6177777777777778 0.1111111111111111 0.09333333333333334
0 0.21333333333333335 0.4177777777777778 0.09333333333333334 0.08888888888888889
0 0.3688888888888889 0.6444444444444445 0.12 0.09777777777777778
0 0.27111111111111114 0.6177777777777778 0.08 0.10222222222222223
0 0.29333333333333333 0.5333333333333333 0.09333333333333334 0.07555555555555556
0 0.3022222222222222 0.4533333333333333 0.09777777777777778 0.08888888888888889
0 0.5022222222222222 0.5244444444444445 0.12 0.10222222222222223
0 0.5822222222222222 0.5866666666666667 0.08444444444444445 0.08888888888888889
0 0.6622222222222223 0.5555555555555556 0.08444444444444445 0.08
0 0.6 0.4444444444444444 0.08444444444444445 0.09333333333333334
0 0.38222222222222224 0.5644444444444444 0.11555555555555555 0.07111111111111111
0 0.6844444444444444 0.4311111111111111 0.08 0.08444444444444445
0 0.5466666666666666 0.6266666666666667 0.8044444444444444 0.6488888888888888
