0 0.52 0.7377777777777778 0.29777777777777775 0.36444444444444446
0 0.52 0.4222222222222222 0.26666666666666666 0.28
0 0.26666666666666666 0.28 0.27555555555555555 0.26666666666666666
0 0.22666666666666666 0.8666666666666667 0.3688888888888889 0.26666666666666666
0 0.24 0.5733333333333334 0.31555555555555553 0.3333333333333333
0 0.27111111111111114 0.07111111111111111 0.26666666666666666 0.14666666666666667
0 0.5111111111111111 0.1688888888888889 0.24 0.23555555555555555
0 0.7955555555555556 0.5377777777777778 0.3244444444444444 0.2577777777777778
0 0.7422222222222222 0.27555555555555555 0.25333333333333335 0.28444444444444444
0 0.84 0.8666666666666667 0.28 0.26666666666666666
0 0.7244444444444444 0.06666666666666667 0.22666666666666666 0.13777777777777778
0 0.022222222222222223 0.035555555555555556 0.04888888888888889 0.07555555555555556
0 0.5377777777777778 0.022222222222222223 0.1511111111111111 0.04888888888888889
