0 0.4888888888888889 0.3244444444444444 0.13777777777777778 0.11555555555555555
0 0.48 0.4444444444444444 0.16 0.1511111111111111
0 0.6355555555555555 0.38666666666666666 0.16444444444444445 0.13777777777777778
0 0.6577777777777778 0.5466666666666666 0.18666666666666668 0.17777777777777778
0 0.17777777777777778 0.4266666666666667 0.14666666666666667 0.14666666666666667
0 0.48 0.6133333333333333 0.19555555555555557 0.19555555555555557
0 0.3111111111111111 0.5066666666666667 0.16444444444444445 0.17333333333333334
0 0.49333333333333335 0.2311111111111111 0.13333333333333333 0.08888888888888889
0 0.6311111111111111 0.28 0.13777777777777778 0.09333333333333334
0 0.3111111111111111 0.08888888888888889 0.08888888888888889 0.06222222222222222
0 0.3422222222222222 0.3688888888888889 0.16 0.1111111111111111
0 0.35555555555555557 0.27111111111111114 0.14666666666666667 0.09777777777777778
0 0.8666666666666667 0.5155555555555555 0.24444444444444444 0.19111111111111112
0 0.2222222222222222 0.3022222222222222 0.13333333333333333 0.10666666666666667
0 0.04 0.2088888888888889 0.08 0.08
0 0.07555555555555556 0.3466666666666667 0.13333333333333333 0.1288888888888889
0 0.76 0.24888888888888888 0.1288888888888889 0.10666666666666667
0 0.6222222222222222 0.19555555555555557 0.11555555555555555 0.07111111111111111
