0 0.19072164948453607 0.7567567567567568 0.36082474226804123 0.28185328185328185
0 0.4587628865979381 0.5328185328185329 0.28865979381443296 0.2084942084942085
0 0.15463917525773196 0.528957528957529 0.29896907216494845 0.1969111969111969
0 0.5360824742268041 0.752895752895753 0.32989690721649484 0.2972972972972973
0 0.7525773195876289 0.5482625482625483 0.27319587628865977 0.2277992277992278
0 0.7989690721649485 0.26640926640926643 0.22164948453608246 0.14285714285714285
0 0.8917525773195877 0.42084942084942084 0.21649484536082475 0.18146718146718147
0 0.6494845360824743 0.3938223938223938 0.25257731958762886 0.15057915057915058
0 0.9536082474226805 0.28185328185328185 0.08762886597938144 0.11583011583011583
0 0.14948453608247422 0.37065637065637064 0.25773195876288657 0.14285714285714285
0 0.1134020618556701 0.2277992277992278 0.2268041237113402 0.14671814671814673
