0 0.4601449275362319 0.6775956284153005 0.12681159420289856 0.1912568306010929
0 0.36594202898550726 0.41530054644808745 0.09057971014492754 0.1366120218579235
0 0.44565217391304346 0.32786885245901637 0.08695652173913043 0.13114754098360656
0 0.358695652173913 0.5956284153005464 0.11956521739130435 0.16939890710382513
0 0.6304347826086957 0.11475409836065574 0.07971014492753623 0.10382513661202186
0 0.5507246376811594 0.5737704918032787 0.11231884057971014 0.16393442622950818
0 0.5108695652173914 0.25136612021857924 0.07971014492753623 0.11475409836065574
0 0.5289855072463768 0.3879781420765027 0.09420289855072464 0.14207650273224043
0 0.4492753623188406 0.48633879781420764 0.10507246376811594 0.15300546448087432
0 0.20652173913043478 0.4371584699453552 0.11231884057971014 0.1366120218579235
0 0.6340579710144928 0.46994535519125685 0.11594202898550725 0.14754098360655737
0 0.5543478260869565 0.08196721311475409 0.07608695652173914 0.09289617486338798
0 0.4963768115942029 0.14207650273224043 0.07246376811594203 0.09836065573770492
0 0.36231884057971014 0.2786885245901639 0.08695652173913043 0.12021857923497267
0 0.7137681159420289 0.16939890710382513 0.07971014492753623 0.1092896174863388
0 0.286231884057971 0.3551912568306011 0.08333333333333333 0.12568306010928962
0 0.5942028985507246 0.30601092896174864 0.08695652173913043 0.12568306010928962
0 0.5688405797101449 0.18579234972677597 0.07971014492753623 0.10382513661202186
0 0.6920289855072463 0.3825136612021858 0.10869565217391304 0.1366120218579235
0 0.27898550724637683 0.5191256830601093 0.10869565217391304 0.14207650273224043
0 0.43478260869565216 0.20765027322404372 0.07971014492753623 0.09836065573770492
0 0.6521739130434783 0.22950819672131148 0.08695652173913043 0.11475409836065574
