0 0.5111111111111111 0.8888888888888888 0.2222222222222222 0.21777777777777776
0 0.9155555555555556 0.8888888888888888 0.1688888888888889 0.2222222222222222
0 0.16444444444444445 0.5644444444444444 0.19111111111111112 0.14666666666666667
0 0.30666666666666664 0.7955555555555556 0.2088888888888889 0.20444444444444446
0 0.5066666666666667 0.6933333333333334 0.19555555555555557 0.18666666666666668
0 0.10666666666666667 0.8933333333333333 0.20444444444444446 0.2
0 0.6977777777777778 0.7866666666666666 0.21777777777777776 0.19555555555555557
0 0.1288888888888889 0.7155555555555555 0.2 0.16
0 0.88 0.7022222222222222 0.2088888888888889 0.19555555555555557
0 0.5022222222222222 0.3288888888888889 0.1511111111111111 0.10222222222222223
0 0.2 0.43555555555555553 0.16444444444444445 0.12444444444444444
0 0.36444444444444446 0.27555555555555555 0.14222222222222222 0.11555555555555555
0 0.3244444444444444 0.6311111111111111 0.2 0.13777777777777778
0 0.2311111111111111 0.06222222222222222 0.08 0.06666666666666667
0 0.7377777777777778 0.9422222222222222 0.23555555555555555 0.11555555555555555
0 0.68 0.6133333333333333 0.18222222222222223 0.15555555555555556
0 0.49777777777777776 0.44 0.1688888888888889 0.12
0 0.3111111111111111 0.06666666666666667 0.07111111111111111 0.06222222222222222
0 0.6044444444444445 0.07111111111111111 0.05333333333333334 0.044444444444444446
0 0.21333333333333335 0.3288888888888889 0.14666666666666667 0.09333333333333334
0 0.6355555555555555 0.28 0.14222222222222222 0.10666666666666667
