0 0.5666666666666667 0.5416666666666666 0.14 0.12666666666666668
0 0.45166666666666666 0.375 0.1 0.09
0 0.3433333333333333 0.5583333333333333 0.13666666666666666 0.125
0 0.5466666666666666 0.41833333333333333 0.10833333333333334 0.105
0 0.455 0.6266666666666667 0.15166666666666667 0.145
0 0.5966666666666667 0.265 0.09666666666666666 0.08
0 0.6533333333333333 0.4666666666666667 0.12833333333333333 0.10333333333333333
0 0.45166666666666666 0.48 0.12833333333333333 0.11
0 0.625 0.355 0.10333333333333333 0.08333333333333333
0 0.34833333333333333 0.42833333333333334 0.11833333333333333 0.105
0 0.3516666666666667 0.335 0.105 0.07666666666666666
0 0.5283333333333333 0.32166666666666666 0.09666666666666666 0.08
0 0.5033333333333333 0.23666666666666666 0.09166666666666666 0.07166666666666667
0 0.6666666666666666 0.215 0.09 0.07666666666666666
0 0.6883333333333334 0.3016666666666667 0.11333333333333333 0.07833333333333334
0 0.755 0.25 0.10666666666666667 0.07166666666666667
0 0.43166666666666664 0.285 0.09666666666666666 0.07833333333333334
0 0.7216666666666667 0.4033333333333333 0.12166666666666667 0.1
0 0.5733333333333334 0.18833333333333332 0.09 0.065
0 0.24333333333333335 0.5066666666666667 0.12166666666666667 0.11166666666666666
0 0.26 0.3933333333333333 0.10666666666666667 0.08666666666666667
