0 0.5752895752895753 0.5051546391752577 0.16216216216216217 0.1958762886597938
0 0.3436293436293436 0.35051546391752575 0.14671814671814673 0.17525773195876287
0 0.8185328185328186 0.6752577319587629 0.16602316602316602 0.21649484536082475
0 0.4092664092664093 0.5051546391752577 0.1583011583011583 0.17525773195876287
0 0.33976833976833976 0.6752577319587629 0.16216216216216217 0.1958762886597938
0 0.23938223938223938 0.5051546391752577 0.16602316602316602 0.18556701030927836
0 0.17374517374517376 0.6701030927835051 0.16216216216216217 0.18556701030927836
0 0.08108108108108109 0.5154639175257731 0.15444015444015444 0.19072164948453607
0 0.42084942084942084 0.8608247422680413 0.16602316602316602 0.23711340206185566
0 0.08108108108108109 0.8505154639175257 0.16602316602316602 0.2268041237113402
0 0.7992277992277992 0.33505154639175255 0.1583011583011583 0.17010309278350516
0 0.749034749034749 0.8711340206185567 0.16988416988416988 0.2422680412371134
0 0.7258687258687259 0.5 0.15057915057915058 0.17525773195876287
0 0.8803088803088803 0.4896907216494845 0.1583011583011583 0.17525773195876287
0 0.7181467181467182 0.1958762886597938 0.15444015444015444 0.15979381443298968
0 0.6525096525096525 0.6752577319587629 0.1583011583011583 0.19072164948453607
0 0.6447876447876448 0.35051546391752575 0.14671814671814673 0.18041237113402062
0 0.25868725868725867 0.845360824742268 0.16216216216216217 0.22164948453608246
0 0.25096525096525096 0.22164948453608246 0.1583011583011583 0.20618556701030927
0 0.5675675675675675 0.18041237113402062 0.14285714285714285 0.17010309278350516
0 0.583011583011583 0.8556701030927835 0.16216216216216217 0.20618556701030927
0 0.4942084942084942 0.6752577319587629 0.15057915057915058 0.18556701030927836
0 0.17374517374517376 0.3556701030927835 0.16602316602316602 0.19072164948453607
0 0.9498069498069498 0.6701030927835051 0.10038610038610038 0.18556701030927836
0 0.416988416988417 0.1958762886597938 0.1583011583011583 0.17010309278350516
0 0.9382239382239382 0.35051546391752575 0.12355212355212356 0.15463917525773196
0 0.915057915057915 0.8711340206185567 0.16602316602316602 0.23195876288659795
