0 0.2 0.4266666666666667 0.2311111111111111 0.21777777777777776
0 0.5733333333333334 0.5377777777777778 0.1511111111111111 0.14222222222222222
0 0.4888888888888889 0.1511111111111111 0.20444444444444446 0.19111111111111112
0 0.5288888888888889 0.3288888888888889 0.17333333333333334 0.16444444444444445
0 0.3422222222222222 0.28888888888888886 0.2088888888888889 0.20444444444444446
0 0.5955555555555555 0.6933333333333334 0.15555555555555556 0.1511111111111111
0 0.6755555555555556 0.2222222222222222 0.2 0.19111111111111112
0 0.28888888888888886 0.5866666666666667 0.19111111111111112 0.17333333333333334
0 0.6933333333333334 0.6044444444444445 0.16 0.13333333333333333
0 0.44 0.7911111111111111 0.20444444444444446 0.24
0 0.7777777777777778 0.3511111111111111 0.1511111111111111 0.14222222222222222
0 0.4177777777777778 0.4488888888888889 0.20444444444444446 0.1688888888888889
0 0.4533333333333333 0.6 0.14666666666666667 0.1288888888888889
0 0.6488888888888888 0.4311111111111111 0.16 0.13777777777777778
