0 0.52 0.18032786885245902 0.09454545454545454 0.08743169398907104
0 0.5709090909090909 0.47540983606557374 0.06181818181818182 0.06557377049180328
0 0.44 0.21311475409836064 0.06545454545454546 0.08743169398907104
0 0.5927272727272728 0.26229508196721313 0.06909090909090909 0.09289617486338798
0 0.7709090909090909 0.8142076502732241 0.06909090909090909 0.09289617486338798
0 0.6327272727272727 0.4207650273224044 0.07272727272727272 0.1092896174863388
0 0.5236363636363637 0.2677595628415301 0.07272727272727272 0.09836065573770492
0 0.4763636363636364 0.32786885245901637 0.07636363636363637 0.10382513661202186
0 0.28363636363636363 0.8688524590163934 0.05818181818181818 0.08743169398907104
0 0.6981818181818182 0.8907103825136612 0.06909090909090909 0.09289617486338798
0 0.5745454545454546 0.5628415300546448 0.09090909090909091 0.10382513661202186
0 0.45454545454545453 0.4207650273224044 0.06181818181818182 0.08196721311475409
0 0.509090909090909 0.9344262295081968 0.06545454545454546 0.06557377049180328
0 0.4036363636363636 0.3551912568306011 0.07272727272727272 0.1092896174863388
0 0.7127272727272728 0.7868852459016393 0.05454545454545454 0.08743169398907104
0 0.49818181818181817 0.4972677595628415 0.08363636363636363 0.12568306010928962
