0 0.6214285714285714 0.38333333333333336 0.11428571428571428 0.1
0 0.2392857142857143 0.6166666666666667 0.08571428571428572 0.12222222222222222
0 0.525 0.5611111111111111 0.09285714285714286 0.10555555555555556
0 0.525 0.45 0.09285714285714286 0.11666666666666667
0 0.5321428571428571 0.8 0.11785714285714285 0.12777777777777777
0 0.3392857142857143 0.34444444444444444 0.08928571428571429 0.1111111111111111
0 0.42857142857142855 0.4 0.09642857142857143 0.11666666666666667
0 0.43214285714285716 0.6222222222222222 0.1 0.12222222222222222
0 0.5142857142857142 0.3277777777777778 0.1 0.11666666666666667
0 0.5285714285714286 0.6777777777777778 0.11428571428571428 0.12222222222222222
0 0.42857142857142855 0.7388888888888889 0.10357142857142858 0.12777777777777777
0 0.625 0.48333333333333334 0.11071428571428571 0.10555555555555556
0 0.425 0.2833333333333333 0.08214285714285714 0.1111111111111111
0 0.6571428571428571 0.7333333333333333 0.1357142857142857 0.13333333333333333
0 0.32857142857142857 0.5611111111111111 0.08571428571428572 0.1111111111111111
0 0.9464285714285714 0.2111111111111111 0.10357142857142858 0.20555555555555555
0 0.33214285714285713 0.8 0.11785714285714285 0.14444444444444443
0 0.6142857142857143 0.2722222222222222 0.11071428571428571 0.1111111111111111
0 0.25 0.3888888888888889 0.09642857142857143 0.1111111111111111
0 0.10357142857142858 0.19444444444444445 0.21071428571428572 0.37777777777777777
0 0.6357142857142857 0.5944444444444444 0.1357142857142857 0.1388888888888889
0 0.32857142857142857 0.6722222222222223 0.10357142857142858 0.1111111111111111
