0 0.635593220338983 0.6132315521628499 0.13050847457627118 0.19083969465648856
0 0.8694915254237288 0.5750636132315522 0.13898305084745763 0.1984732824427481
0 0.8084745762711865 0.26717557251908397 0.11186440677966102 0.178117048346056
0 0.6610169491525424 0.2875318066157761 0.12542372881355932 0.1806615776081425
0 0.4711864406779661 0.1297709923664122 0.11016949152542373 0.17557251908396945
0 0.7440677966101695 0.37404580152671757 0.11694915254237288 0.17557251908396945
0 0.3169491525423729 0.6513994910941476 0.15084745762711865 0.17302798982188294
0 0.7542372881355932 0.6208651399491094 0.11186440677966102 0.18575063613231552
0 0.6677966101694915 0.4631043256997455 0.1288135593220339 0.15521628498727735
0 0.28135593220338984 0.25190839694656486 0.12033898305084746 0.15012722646310434
0 0.2542372881355932 0.2824427480916031 0.35423728813559324 0.5674300254452926
0 0.3271186440677966 0.8015267175572519 0.11864406779661017 0.15012722646310434
0 0.8203389830508474 0.7684478371501272 0.1288135593220339 0.1806615776081425
