0 0.16319733555370525 0.6953125 0.18276436303080765 0.15625
0 0.07577019150707744 0.628125 0.15154038301415487 0.165625
0 0.44837635303913403 0.5671875 0.15611990008326396 0.140625
0 0.45129059117402165 0.43984375 0.14029975020815988 0.1109375
0 0.33971690258118237 0.50390625 0.14529558701082432 0.1234375
0 0.1965029142381349 0.55234375 0.15611990008326396 0.1328125
0 0.5661948376353039 0.3921875 0.12947543713572024 0.103125
0 0.3164029975020816 0.63125 0.13905079100749376 0.13125
0 0.2514571190674438 0.43125 0.1498751040799334 0.121875
0 0.10283097418817652 0.47265625 0.152789342214821 0.1234375
0 0.6702747710241466 0.44921875 0.14363030807660282 0.1328125
0 0.3655287260616153 0.38046875 0.1340549542048293 0.1203125
0 0.47960033305578686 0.3328125 0.11532056619483763 0.103125
0 0.5607826810990841 0.50390625 0.1340549542048293 0.1203125
0 0.8567860116569526 0.72265625 0.2793505412156536 0.2015625
0 0.6061615320566195 0.8125 0.7872606161532056 0.365625
