0 0.11072664359861592 0.7667820069204152 0.1930795847750865 0.1467128027681661
0 0.29204152249134946 0.7536332179930796 0.15916955017301038 0.14186851211072665
0 0.6041522491349481 0.7397923875432526 0.15570934256055363 0.15432525951557094
0 0.31141868512110726 0.37162629757785465 0.12941176470588237 0.1245674740484429
0 0.42837370242214534 0.613840830449827 0.15778546712802768 0.14325259515570934
0 0.5882352941176471 0.26366782006920414 0.12941176470588237 0.11833910034602076
0 0.8982698961937716 0.7640138408304499 0.15570934256055363 0.1342560553633218
0 0.2657439446366782 0.6096885813148789 0.15432525951557094 0.14186851211072665
0 0.5079584775086505 0.4809688581314879 0.1356401384083045 0.13079584775086506
0 0.44982698961937717 0.7550173010380623 0.14948096885813147 0.13217993079584775
0 0.7494809688581315 0.7522491349480969 0.1370242214532872 0.12941176470588237
0 0.4429065743944637 0.3764705882352941 0.1356401384083045 0.1245674740484429
0 0.7217993079584775 0.6152249134948097 0.15294117647058825 0.1342560553633218
0 0.8256055363321799 0.3785467128027682 0.14809688581314878 0.11972318339100346
0 0.33356401384083045 0.2477508650519031 0.1356401384083045 0.1245674740484429
0 0.7674740484429066 0.4913494809688581 0.1259515570934256 0.1384083044982699
0 0.8235294117647058 0.2622837370242215 0.1384083044982699 0.11211072664359861
0 0.4615916955017301 0.25259515570934254 0.12318339100346021 0.1245674740484429
0 0.7058823529411765 0.24429065743944636 0.10588235294117647 0.11072664359861592
0 0.6885813148788927 0.35570934256055364 0.12802768166089964 0.11833910034602076
0 0.6387543252595156 0.49204152249134947 0.1342560553633218 0.1370242214532872
0 0.21522491349480968 0.4809688581314879 0.15570934256055363 0.13079584775086506
0 0.5702422145328719 0.38408304498269896 0.12179930795847752 0.12179930795847752
0 0.18823529411764706 0.2519031141868512 0.14186851211072665 0.11072664359861592
0 0.8865051903114187 0.6041522491349481 0.17024221453287197 0.13079584775086506
0 0.10934256055363321 0.6166089965397924 0.15570934256055363 0.14325259515570934
0 0.17577854671280277 0.3612456747404844 0.14463667820069204 0.11972318339100346
0 0.36262975778546713 0.4865051903114187 0.1384083044982699 0.13217993079584775
0 0.5778546712802768 0.6034602076124568 0.1342560553633218 0.11972318339100346
