0 0.08276959808993235 0.73046875 0.1623557500994827 0.1703125
0 0.5364106645443693 0.5625 0.179466772781536 0.146875
0 0.2558694787107043 0.66328125 0.18742538798249106 0.1421875
0 0.77875049741345 0.45234375 0.16991643454038996 0.1390625
0 0.3700756068444091 0.42421875 0.14962196577795464 0.1046875
0 0.3732590529247911 0.6125 0.1655391961798647 0.153125
0 0.5356148030242738 0.4296875 0.14683645045762037 0.1125
0 0.2888977317946677 0.5140625 0.1655391961798647 0.121875
0 0.6709112614405094 0.39609375 0.14206128133704735 0.1109375
0 0.1177875049741345 0.50703125 0.16991643454038996 0.1265625
0 0.44528452049343414 0.49296875 0.14962196577795464 0.1171875
0 0.4341424592120971 0.365625 0.1623557500994827 0.103125
0 0.578591325109431 0.3359375 0.12335853561480302 0.09375
0 0.177875049741345 0.58828125 0.1623557500994827 0.1265625
0 0.048149621965777954 0.61328125 0.09351372861122165 0.1140625
