0 0.34 0.15714285714285714 0.1575 0.20714285714285716
0 0.485 0.29642857142857143 0.155 0.24285714285714285
0 0.22 0.34285714285714286 0.1625 0.2357142857142857
0 0.685 0.5035714285714286 0.17 0.2571428571428571
0 0.7025 0.16785714285714284 0.2075 0.25357142857142856
0 0.7675 0.7 0.1525 0.22857142857142856
0 0.3925 0.6964285714285714 0.1775 0.23214285714285715
0 0.355 0.44285714285714284 0.1525 0.2357142857142857
0 0.5075 0.5178571428571429 0.1675 0.2357142857142857
0 0.2075 0.175 0.125 0.16071428571428573
0 0.62 0.7107142857142857 0.1525 0.20714285714285716
0 0.245 0.7178571428571429 0.1225 0.15714285714285714
0 0.2225 0.5464285714285714 0.1525 0.18928571428571428
