0 0.5193865740740741 0.1818576388888889 0.0920138888888889 0.0859375
0 0.5732060185185185 0.4765625 0.0625 0.06553819444444445
0 0.4375 0.2109375 0.06539351851851852 0.09027777777777778
0 0.4748263888888889 0.33203125 0.0685763888888889 0.10460069444444445
0 0.5943287037037037 0.265625 0.06712962962962964 0.09678819444444445
0 0.40306712962962965 0.35546875 0.07175925925925926 0.11067708333333333
0 0.5772569444444444 0.5668402777777778 0.08883101851851852 0.10590277777777778
0 0.6342592592592593 0.421875 0.07175925925925926 0.10590277777777778
0 0.5225694444444444 0.2699652777777778 0.07320601851851852 0.09678819444444445
0 0.7717013888888888 0.8168402777777778 0.06539351851851852 0.09375
0 0.5092592592592593 0.9348958333333334 0.0685763888888889 0.06684027777777778
0 0.4537037037037037 0.42578125 0.06712962962962964 0.0859375
0 0.6999421296296297 0.89453125 0.0685763888888889 0.09505208333333333
0 0.5497685185185185 0.9796006944444444 0.0685763888888889 0.040364583333333336
0 0.28414351851851855 0.8702256944444444 0.05931712962962963 0.08723958333333333
0 0.3888888888888889 0.4717881944444444 0.08101851851851852 0.1154513888888889
0 0.5598958333333334 0.37890625 0.0703125 0.11371527777777778
0 0.38744212962962965 0.0646701388888889 0.0842013888888889 0.051215277777777776
0 0.6420717592592593 0.23177083333333334 0.05295138888888889 0.07942708333333333
0 0.8530092592592593 0.5412326388888888 0.05295138888888889 0.0703125
0 0.6380208333333334 0.5295138888888888 0.0703125 0.09678819444444445
