0 0.7203125 0.6145833333333334 0.1859375 0.23958333333333334
0 0.55 0.5229166666666667 0.1625 0.2
0 0.375 0.6333333333333333 0.1828125 0.22291666666666668
0 0.5390625 0.74375 0.1921875 0.24583333333333332
0 0.3375 0.86875 0.221875 0.2625
0 0.734375 0.8625 0.21875 0.26875
0 0.9 0.73125 0.2 0.26458333333333334
0 0.4015625 0.44583333333333336 0.1515625 0.175
0 0.2265625 0.5395833333333333 0.175 0.23541666666666666
0 0.1609375 0.7375 0.221875 0.24375
0 0.4296875 0.31666666666666665 0.140625 0.17916666666666667
0 0.2765625 0.3854166666666667 0.153125 0.18333333333333332
0 0.5609375 0.35625 0.1453125 0.14791666666666667
0 0.1640625 0.32083333333333336 0.1375 0.13541666666666666
0 0.6953125 0.28125 0.1390625 0.12916666666666668
0 0.7046875 0.42291666666666666 0.1546875 0.1625
0 0.8671875 0.5 0.1671875 0.18125
0 0.4453125 0.17708333333333334 0.1234375 0.11458333333333333
0 0.303125 0.23541666666666666 0.1390625 0.13125
0 0.565625 0.22916666666666666 0.128125 0.13125
0 0.6921875 0.17291666666666666 0.1359375 0.10833333333333334
0 0.1046875 0.47291666666666665 0.1734375 0.225
0 0.56875 0.12708333333333333 0.1234375 0.10416666666666667
0 0.1109375 0.93125 0.2125 0.1375
0 0.5390625 0.9354166666666667 0.303125 0.12916666666666668
0 0.68125 0.08333333333333333 0.1140625 0.08125
0 0.9453125 0.275 0.1078125 0.1375
0 0.8421875 0.34791666666666665 0.1546875 0.16458333333333333
0 0.825 0.20625 0.128125 0.12291666666666666
0 0.959375 0.4166666666666667 0.0796875 0.2125
0 0.7828125 0.03958333333333333 0.1109375 0.07708333333333334
