0 0.709375 0.4482997918112422 0.1125 0.14642609299097847
0 0.5234375 0.8285912560721721 0.153125 0.2102706453851492
0 0.7328125 0.6030534351145038 0.128125 0.16516308119361556
0 0.509375 0.5142262317834837 0.109375 0.11658570437196392
0 0.6390625 0.703678001387925 0.13125 0.17002081887578072
0 0.61328125 0.5579458709229702 0.1234375 0.15128383067314366
0 0.51484375 0.39555863983344897 0.0953125 0.11658570437196392
0 0.0859375 0.39000693962526023 0.115625 0.13740458015267176
0 0.3234375 0.5412907702984039 0.1125 0.15405968077723803
0 0.26484375 0.3809854267869535 0.0890625 0.10895211658570438
0 0.428125 0.46634281748785567 0.1 0.12907702984038863
0 0.51484375 0.28105482303955587 0.0859375 0.11242192921582235
0 0.23984375 0.48299791811242193 0.0984375 0.12005551700208189
0 0.35703125 0.3240804996530187 0.0859375 0.11034004163775156
0 0.43828125 0.25746009715475365 0.0796875 0.09646079111727966
0 0.78515625 0.3608605135322693 0.1078125 0.12144344205412907
0 0.03984375 0.49410131852879946 0.0765625 0.12907702984038863
0 0.42265625 0.6016655100624566 0.1109375 0.12907702984038863
0 0.59921875 0.3199167244968772 0.0859375 0.12144344205412907
0 0.67578125 0.8591256072172103 0.1578125 0.16238723108952116
0 0.284375 0.28383067314365024 0.08125 0.09993060374739764
0 0.340625 0.421235253296322 0.0875 0.09646079111727966
0 0.603125 0.4302567661346287 0.103125 0.11380985426786953
0 0.37421875 0.2220680083275503 0.0703125 0.08535739070090215
0 0.02421875 0.9653018736988203 0.0484375 0.0652324774462179
0 0.43046875 0.35808466342817485 0.0890625 0.0916030534351145
0 0.1078125 0.5600277585010409 0.125 0.15128383067314366
0 0.290625 0.6925746009715475 0.14375 0.16377515614156835
0 0.5171875 0.6585704371963914 0.13125 0.14781401804302569
0 0.19140625 0.33448993754337264 0.0734375 0.08535739070090215
0 0.3890625 0.7702984038861902 0.1375 0.20263705759888967
0 0.165625 0.4476058292852186 0.1 0.1325468424705066
0 0.30546875 0.19986120749479527 0.0765625 0.08119361554476058
0 0.753125 0.7404580152671756 0.103125 0.15267175572519084
0 0.2171875 0.24149895905621097 0.084375 0.09993060374739764
0 0.68125 0.33657182512144346 0.103125 0.10756419153365718
