0 0.37548828125 0.53173828125 0.26708984375 0.22314453125
0 0.33349609375 0.767578125 0.2763671875 0.2734375
0 0.68017578125 0.447265625 0.279296875 0.2421875
0 0.89599609375 0.38818359375 0.20458984375 0.22314453125
0 0.38720703125 0.3115234375 0.240234375 0.1982421875
0 0.412109375 0.10693359375 0.21533203125 0.20458984375
0 0.89599609375 0.6201171875 0.20751953125 0.234375
0 0.67578125 0.2373046875 0.25146484375 0.19677734375
0 0.12158203125 0.67626953125 0.2373046875 0.287109375
0 0.6708984375 0.6953125 0.294921875 0.25
0 0.67578125 0.912109375 0.2919921875 0.1748046875
0 0.673828125 0.0703125 0.2109375 0.140625
0 0.15673828125 0.181640625 0.25439453125 0.1982421875
0 0.14892578125 0.404296875 0.2451171875 0.255859375
0 0.87939453125 0.1865234375 0.19970703125 0.17626953125
0 0.890625 0.865234375 0.21533203125 0.2685546875
0 0.2109375 0.048828125 0.224609375 0.09814453125
0 0.091796875 0.91796875 0.18115234375 0.1640625
