0 0.6557142857142857 0.69 0.1742857142857143 0.15
0 0.5957142857142858 0.4442857142857143 0.15571428571428572 0.13
0 0.7671428571428571 0.4228571428571429 0.17285714285714285 0.15142857142857144
0 0.7142857142857143 0.5557142857142857 0.17285714285714285 0.15
0 0.5371428571428571 0.5742857142857143 0.16 0.15571428571428572
0 0.6057142857142858 0.16285714285714287 0.13428571428571429 0.11142857142857143
0 0.34285714285714286 0.37857142857142856 0.1457142857142857 0.11285714285714285
0 0.36 0.5885714285714285 0.17 0.16285714285714287
0 0.49 0.3557142857142857 0.13714285714285715 0.11857142857142858
0 0.6528571428571428 0.3385714285714286 0.1442857142857143 0.11857142857142858
0 0.19142857142857142 0.5814285714285714 0.15571428571428572 0.11142857142857143
0 0.5557142857142857 0.2714285714285714 0.13857142857142857 0.11285714285714285
0 0.44142857142857145 0.46285714285714286 0.1457142857142857 0.12714285714285714
0 0.2714285714285714 0.4785714285714286 0.15142857142857144 0.13857142857142857
0 0.8085714285714286 0.32 0.1457142857142857 0.10571428571428572
0 0.8528571428571429 0.22714285714285715 0.14714285714285713 0.11
0 0.6985714285714286 0.24714285714285714 0.14142857142857143 0.10285714285714286
0 0.4085714285714286 0.2757142857142857 0.14 0.12
0 0.4657142857142857 0.18571428571428572 0.13142857142857142 0.10285714285714286
0 0.46714285714285714 0.6971428571428572 0.17714285714285713 0.12285714285714286
