0 0.5814696485623003 0.49 0.14217252396166133 0.13416666666666666
0 0.6988817891373802 0.2791666666666667 0.1389776357827476 0.12166666666666667
0 0.6757188498402555 0.5983333333333334 0.1573482428115016 0.1525
0 0.2827476038338658 0.4925 0.14936102236421725 0.14166666666666666
0 0.7963258785942492 0.375 0.14057507987220447 0.12916666666666668
0 0.4225239616613419 0.2975 0.13578274760383385 0.11666666666666667
0 0.5079872204472844 0.3908333333333333 0.12619808306709265 0.12583333333333332
0 0.3586261980830671 0.6125 0.14297124600638977 0.145
0 0.8482428115015974 0.26666666666666666 0.14297124600638977 0.11833333333333333
0 0.6126198083067093 0.195 0.12939297124600638 0.10583333333333333
0 0.5135782747603834 0.6066666666666667 0.152555910543131 0.1575
0 0.7388178913738019 0.48 0.14936102236421725 0.15416666666666667
0 0.6413738019169329 0.37583333333333335 0.13578274760383385 0.11833333333333333
0 0.43610223642172524 0.4975 0.14217252396166133 0.1325
0 0.48722044728434505 0.20416666666666666 0.12140575079872204 0.1125
0 0.5630990415335463 0.2875 0.13258785942492013 0.12
0 0.35942492012779553 0.3908333333333333 0.14217252396166133 0.12
