0 0.31 0.09 0.09 0.065
0 0.655 0.5425 0.19125 0.17
0 0.47625 0.44375 0.16 0.1475
0 0.6375 0.38875 0.16 0.135
0 0.49375 0.2325 0.13375 0.0875
0 0.49 0.325 0.1375 0.11375
0 0.31 0.5075 0.16875 0.16375
0 0.17875 0.42875 0.15 0.14625
0 0.475 0.61 0.2025 0.1975
0 0.36 0.26875 0.14 0.10125
0 0.38 0.18875 0.11 0.08375
0 0.6225 0.1975 0.11875 0.085
0 0.225 0.30125 0.1375 0.11
0 0.63125 0.2825 0.13875 0.09375
0 0.04625 0.21 0.09 0.085
0 0.075 0.35125 0.14 0.1275
0 0.67875 0.7 0.20375 0.15
0 0.13 0.2575 0.11375 0.10125
0 0.34 0.37375 0.1625 0.11375
0 0.5025 0.15875 0.115 0.0775
0 0.815 0.35625 0.1775 0.125
0 0.29 0.155 0.1 0.07
0 0.76 0.25 0.1325 0.1125
0 0.40125 0.12 0.09375 0.05875
0 0.9375 0.33125 0.11875 0.12875
0 0.2625 0.225 0.09625 0.0775
0 0.17625 0.1525 0.14375 0.1375
0 0.835 0.525 0.18125 0.20375
