0 0.2490234375 0.6181640625 0.138671875 0.146484375
0 0.4267578125 0.7421875 0.14453125 0.1494140625
0 0.7490234375 0.4384765625 0.1572265625 0.162109375
0 0.39453125 0.359375 0.15625 0.1591796875
0 0.43359375 0.546875 0.2109375 0.2041015625
0 0.2587890625 0.4345703125 0.146484375 0.1572265625
0 0.6015625 0.62890625 0.1494140625 0.1279296875
0 0.57421875 0.3388671875 0.208984375 0.15234375
0 0.259765625 0.28125 0.1572265625 0.1279296875
0 0.451171875 0.107421875 0.625 0.208984375
0 0.2705078125 0.78125 0.16015625 0.171875
0 0.5244140625 0.787109375 0.1025390625 0.1591796875
