0 0.7616666666666667 0.7908333333333334 0.22 0.22
0 0.19166666666666668 0.6575 0.1775 0.16833333333333333
0 0.18666666666666668 0.4791666666666667 0.17916666666666667 0.17166666666666666
0 0.5508333333333333 0.3875 0.18416666666666667 0.15583333333333332
0 0.32083333333333336 0.4008333333333333 0.17 0.15583333333333332
0 0.635 0.3025 0.16666666666666666 0.1625
0 0.4125 0.29833333333333334 0.1625 0.14
0 0.6516666666666666 0.5008333333333334 0.17583333333333334 0.1375
0 0.49666666666666665 0.6541666666666667 0.15916666666666668 0.1775
0 0.8883333333333333 0.7166666666666667 0.19666666666666666 0.19
