0 0.7765625 0.1901840490797546 0.15 0.20920245398773007
0 0.61328125 0.19447852760736195 0.1453125 0.20122699386503068
0 0.4640625 0.19079754601226995 0.146875 0.20429447852760735
0 0.146875 0.19754601226993865 0.165625 0.2294478527607362
0 0.7828125 0.5987730061349693 0.15625 0.22024539877300614
0 0.30703125 0.19877300613496932 0.1484375 0.20122699386503068
0 0.13515625 0.596319018404908 0.1515625 0.21533742331288344
0 0.4609375 0.5987730061349693 0.15 0.20736196319018405
0 0.62265625 0.603680981595092 0.1515625 0.2134969325153374
0 0.3046875 0.6092024539877301 0.153125 0.20920245398773007
0 0.54375 0.39754601226993863 0.15 0.2233128834355828
0 0.22890625 0.401840490797546 0.1515625 0.2294478527607362
0 0.3765625 0.8245398773006135 0.146875 0.24355828220858897
0 0.85859375 0.39815950920245397 0.1453125 0.21533742331288344
0 0.86171875 0.8134969325153374 0.1609375 0.2558282208588957
0 0.3875 0.40061349693251536 0.153125 0.2294478527607362
0 0.69609375 0.8202453987730062 0.1640625 0.24969325153374233
0 0.2234375 0.8245398773006135 0.153125 0.24355828220858897
0 0.70390625 0.39815950920245397 0.1515625 0.2245398773006135
0 0.534375 0.8214723926380368 0.1625 0.26196319018404907
