0 0.4125874125874126 0.660625 0.0919080919080919 0.06875
0 0.5404595404595405 0.38 0.14285714285714285 0.079375
0 0.7732267732267732 0.3625 0.13586413586413587 0.078125
0 0.36863136863136864 0.541875 0.14485514485514486 0.078125
0 0.5064935064935064 0.475 0.1258741258741259 0.084375
0 0.7902097902097902 0.4675 0.13086913086913088 0.095
0 0.6693306693306693 0.509375 0.1258741258741259 0.078125
0 0.6773226773226774 0.426875 0.12487512487512488 0.079375
0 0.26873126873126874 0.3725 0.12287712287712288 0.07625
0 0.5694305694305695 0.29875 0.14185814185814186 0.0825
0 0.6603396603396603 0.366875 0.0899100899100899 0.05
0 0.3866133866133866 0.410625 0.13886113886113885 0.084375
0 0.5964035964035964 0.601875 0.13986013986013987 0.085625
0 0.4645354645354645 0.58875 0.1258741258741259 0.078125
0 0.2807192807192807 0.523125 0.10589410589410589 0.06875
0 0.3956043956043956 0.34375 0.11688311688311688 0.05625
0 0.3046953046953047 0.66375 0.11988011988011989 0.06875
