0 0.4147058823529412 0.4514705882352941 0.047058823529411764 0.052941176470588235
0 0.4632352941176471 0.4764705882352941 0.05 0.054411764705882354
0 0.4147058823529412 0.5176470588235295 0.054411764705882354 0.057352941176470586
0 0.5058823529411764 0.38382352941176473 0.051470588235294115 0.047058823529411764
0 0.4102941176470588 0.6029411764705882 0.057352941176470586 0.058823529411764705
0 0.6088235294117647 0.6029411764705882 0.052941176470588235 0.061764705882352944
0 0.5573529411764706 0.5602941176470588 0.054411764705882354 0.057352941176470586
0 0.4588235294117647 0.5573529411764706 0.054411764705882354 0.05
0 0.4647058823529412 0.6411764705882353 0.06323529411764706 0.05588235294117647
0 0.6058823529411764 0.5176470588235295 0.051470588235294115 0.052941176470588235
0 0.5073529411764706 0.5191176470588236 0.054411764705882354 0.051470588235294115
0 0.5941176470588235 0.45441176470588235 0.05588235294117647 0.051470588235294115
0 0.5529411764705883 0.4147058823529412 0.04411764705882353 0.047058823529411764
0 0.5529411764705883 0.4823529411764706 0.045588235294117645 0.051470588235294115
0 0.5088235294117647 0.4455882352941177 0.05 0.051470588235294115
0 0.4602941176470588 0.4147058823529412 0.047058823529411764 0.05588235294117647
0 0.5102941176470588 0.6 0.052941176470588235 0.061764705882352944
