0 0.7294117647058823 0.7529411764705882 0.13529411764705881 0.1161764705882353
0 0.638235294117647 0.6514705882352941 0.1411764705882353 0.11911764705882352
0 0.5411764705882353 0.7514705882352941 0.13823529411764707 0.11911764705882352
0 0.6352941176470588 0.4588235294117647 0.12941176470588237 0.11764705882352941
0 0.4411764705882353 0.8529411764705882 0.14411764705882352 0.125
0 0.7161764705882353 0.375 0.13676470588235295 0.11176470588235295
0 0.45588235294117646 0.4573529411764706 0.12941176470588237 0.12058823529411765
0 0.4661764705882353 0.12205882352941176 0.11764705882352941 0.1161764705882353
0 0.2691176470588235 0.45441176470588235 0.13970588235294118 0.11470588235294117
0 0.5397058823529411 0.5514705882352942 0.1338235294117647 0.1161764705882353
0 0.6338235294117647 0.2823529411764706 0.12205882352941176 0.1161764705882353
0 0.4573529411764706 0.27941176470588236 0.12205882352941176 0.11470588235294117
0 0.5426470588235294 0.2 0.12205882352941176 0.11911764705882352
0 0.6264705882352941 0.12794117647058822 0.11323529411764706 0.11470588235294117
0 0.37058823529411766 0.19852941176470587 0.12058823529411765 0.11323529411764706
0 0.29411764705882354 0.12205882352941176 0.10882352941176471 0.11323529411764706
0 0.5426470588235294 0.375 0.1264705882352941 0.10882352941176471
0 0.25882352941176473 0.6455882352941177 0.12794117647058822 0.12941176470588237
0 0.3602941176470588 0.5573529411764706 0.13529411764705881 0.11323529411764706
0 0.25735294117647056 0.85 0.13676470588235295 0.1411764705882353
0 0.35294117647058826 0.7426470588235294 0.14411764705882352 0.1264705882352941
0 0.7132352941176471 0.20588235294117646 0.12205882352941176 0.12794117647058822
0 0.7294117647058823 0.5558823529411765 0.1323529411764706 0.12058823529411765
0 0.2838235294117647 0.2838235294117647 0.12941176470588237 0.11323529411764706
0 0.4470588235294118 0.6455882352941177 0.13823529411764707 0.13529411764705881
0 0.36176470588235293 0.3720588235294118 0.12794117647058822 0.11029411764705882
0 0.6338235294117647 0.8573529411764705 0.13823529411764707 0.12058823529411765
