0 0.18666666666666668 0.758 0.36 0.278
0 0.4613333333333333 0.532 0.288 0.21
0 0.152 0.528 0.30666666666666664 0.198
0 0.536 0.756 0.328 0.302
0 0.7546666666666667 0.55 0.2773333333333333 0.222
0 0.8026666666666666 0.27 0.22933333333333333 0.14
0 0.8906666666666667 0.42 0.21066666666666667 0.18
0 0.896 0.178 0.20533333333333334 0.122
0 0.9573333333333334 0.282 0.08266666666666667 0.114
0 0.344 0.258 0.224 0.114
0 0.11466666666666667 0.232 0.224 0.144
0 0.4 0.37 0.23733333333333334 0.152
0 0.6533333333333333 0.39 0.256 0.154
0 0.31733333333333336 0.162 0.21066666666666667 0.11
0 0.5733333333333334 0.276 0.21866666666666668 0.126
0 0.152 0.364 0.25066666666666665 0.136
