0 0.5420353982300885 0.572 0.14823008849557523 0.128
0 0.47345132743362833 0.694 0.16592920353982302 0.144
0 0.5973451327433629 0.454 0.13938053097345132 0.126
0 0.32079646017699115 0.384 0.15486725663716813 0.126
0 0.3893805309734513 0.532 0.15265486725663716 0.116
0 0.6902654867256637 0.608 0.168141592920354 0.13
0 0.5154867256637168 0.33 0.14823008849557523 0.112
0 0.17920353982300885 0.346 0.1504424778761062 0.132
0 0.23893805309734514 0.496 0.168141592920354 0.128
0 0.3141592920353982 0.65 0.17256637168141592 0.144
0 0.3163716814159292 0.154 0.1415929203539823 0.116
0 0.7433628318584071 0.5 0.1570796460176991 0.12
0 0.1172566371681416 0.21 0.14380530973451328 0.118
0 0.25 0.246 0.1415929203539823 0.114
0 0.4557522123893805 0.43 0.14823008849557523 0.118
0 0.38716814159292035 0.286 0.14823008849557523 0.108
0 0.39601769911504425 0.838 0.18584070796460178 0.164
0 0.45132743362831856 0.202 0.13053097345132744 0.106
0 0.6415929203539823 0.738 0.17035398230088494 0.152
0 0.8451327433628318 0.654 0.1570796460176991 0.146
0 0.581858407079646 0.238 0.13274336283185842 0.106
0 0.5110619469026548 0.122 0.13938053097345132 0.108
0 0.6504424778761062 0.356 0.13938053097345132 0.1
