0 0.856 0.52 0.238 0.18823529411764706
0 0.446 0.40941176470588236 0.162 0.16
0 0.432 0.5764705882352941 0.178 0.16470588235294117
0 0.302 0.49176470588235294 0.152 0.15058823529411763
0 0.458 0.2447058823529412 0.166 0.15058823529411763
0 0.272 0.851764705882353 0.17 0.18352941176470589
0 0.17 0.571764705882353 0.156 0.1623529411764706
0 0.836 0.3341176470588235 0.162 0.1623529411764706
0 0.178 0.4023529411764706 0.158 0.17176470588235293
0 0.31 0.32941176470588235 0.14 0.16470588235294117
0 0.692 0.4211764705882353 0.178 0.18823529411764706
0 0.544 0.6776470588235294 0.17 0.17882352941176471
0 0.694 0.6023529411764705 0.174 0.1811764705882353
