0 0.3413333333333333 0.49281867145421904 0.12333333333333334 0.144524236983842
0 0.7533333333333333 0.400359066427289 0.09466666666666666 0.10771992818671454
0 0.57 0.5269299820466786 0.112 0.1229802513464991
0 0.44266666666666665 0.4281867145421903 0.10133333333333333 0.08258527827648116
0 0.43933333333333335 0.35368043087971274 0.098 0.0763016157989228
0 0.5546666666666666 0.43177737881508077 0.10266666666666667 0.0763016157989228
0 0.672 0.4542190305206463 0.10133333333333333 0.10861759425493717
0 0.414 0.2872531418312388 0.10933333333333334 0.08348294434470377
0 0.326 0.34201077199281865 0.09333333333333334 0.0718132854578097
0 0.23 0.4102333931777379 0.092 0.12746858168761221
0 0.8233333333333334 0.35637342908438063 0.084 0.09784560143626571
0 0.54 0.3599640933572711 0.1 0.0763016157989228
0 0.6526666666666666 0.374326750448833 0.106 0.08707360861759425
0 0.5346666666666666 0.2971274685816876 0.08866666666666667 0.05745062836624776
