0 0.22708333333333333 0.375 0.14375 0.18055555555555555
0 0.2625 0.5722222222222222 0.17083333333333334 0.20833333333333334
0 0.50625 0.24166666666666667 0.12083333333333333 0.14166666666666666
0 0.45 0.5611111111111111 0.15833333333333333 0.21388888888888888
0 0.8854166666666666 0.7861111111111111 0.21666666666666667 0.17222222222222222
0 0.36875 0.225 0.12916666666666668 0.14722222222222223
0 0.6854166666666667 0.3888888888888889 0.13125 0.1527777777777778
0 0.4 0.38055555555555554 0.13958333333333334 0.16666666666666666
0 0.63125 0.24722222222222223 0.12708333333333333 0.14166666666666666
0 0.75 0.55 0.14375 0.17777777777777778
0 0.20625 0.20833333333333334 0.13333333333333333 0.1527777777777778
0 0.6083333333333333 0.5611111111111111 0.14375 0.19444444444444445
