0 0.4015625 0.26666666666666666 0.1140625 0.1523809523809524
0 0.2890625 0.3380952380952381 0.121875 0.15
0 0.4625 0.3880952380952381 0.125 0.1619047619047619
0 0.4140625 0.5952380952380952 0.1359375 0.17857142857142858
0 0.234375 0.5357142857142857 0.1328125 0.15476190476190477
0 0.534375 0.5190476190476191 0.125 0.18333333333333332
0 0.3609375 0.819047619047619 0.140625 0.20238095238095238
0 0.6421875 0.44761904761904764 0.125 0.16904761904761906
0 0.1765625 0.39285714285714285 0.11875 0.14523809523809525
0 0.6109375 0.1357142857142857 0.1140625 0.1523809523809524
0 0.5078125 0.20238095238095238 0.1125 0.14523809523809525
0 0.3515625 0.4595238095238095 0.115625 0.16904761904761906
0 0.5734375 0.3142857142857143 0.1140625 0.1595238095238095
0 0.2984375 0.6642857142857143 0.1328125 0.16428571428571428
0 0.6765625 0.24523809523809523 0.1109375 0.15714285714285714
0 0.60625 0.6404761904761904 0.1296875 0.1523809523809524
0 0.4875 0.7333333333333333 0.1296875 0.15714285714285714
0 0.7484375 0.36666666666666664 0.115625 0.1619047619047619
0 0.715625 0.5642857142857143 0.128125 0.1357142857142857
0 0.825 0.48095238095238096 0.1203125 0.13095238095238096
