0 0.45849609375 0.3414239482200647 0.0888671875 0.1464401294498382
0 0.650390625 0.3859223300970874 0.1044921875 0.15453074433656958
0 0.55078125 0.3656957928802589 0.1015625 0.14805825242718446
0 0.3662109375 0.32362459546925565 0.09521484375 0.13268608414239483
0 0.75146484375 0.41828478964401294 0.10302734375 0.1464401294498382
0 0.6005859375 0.22006472491909385 0.091796875 0.08414239482200647
0 0.826171875 0.36326860841423947 0.099609375 0.15129449838187703
0 0.5146484375 0.21197411003236247 0.076171875 0.08090614886731391
0 0.724609375 0.31148867313915857 0.08740234375 0.0889967637540453
0 0.693359375 0.24757281553398058 0.0810546875 0.07605177993527508
0 0.62646484375 0.2896440129449838 0.083984375 0.07605177993527508
