0 0.6971428571428572 0.4342857142857143 0.09142857142857143 0.07428571428571429
0 0.8257142857142857 0.45714285714285713 0.09428571428571429 0.07142857142857142
0 0.35428571428571426 0.36 0.08571428571428572 0.06571428571428571
0 0.4685714285714286 0.38285714285714284 0.08857142857142856 0.07428571428571429
0 0.23714285714285716 0.3314285714285714 0.09428571428571429 0.07428571428571429
0 0.3142857142857143 0.4228571428571429 0.10857142857142857 0.07714285714285714
0 0.5742857142857143 0.40285714285714286 0.09428571428571429 0.06571428571428571
0 0.3914285714285714 0.5171428571428571 0.1 0.09142857142857143
0 0.6285714285714286 0.5685714285714286 0.09714285714285714 0.08857142857142856
0 0.26857142857142857 0.4857142857142857 0.09714285714285714 0.07714285714285714
0 0.5428571428571428 0.48 0.11142857142857143 0.08285714285714285
0 0.5 0.5428571428571428 0.09428571428571429 0.09142857142857143
0 0.3942857142857143 0.2885714285714286 0.10285714285714286 0.08285714285714285
0 0.6542857142857142 0.5028571428571429 0.10285714285714286 0.07142857142857142
0 0.7428571428571429 0.5971428571428572 0.09428571428571429 0.07714285714285714
0 0.7657142857142857 0.5342857142857143 0.12857142857142856 0.08
0 0.42857142857142855 0.44285714285714284 0.10285714285714286 0.08
