0 0.13870246085011187 0.688622754491018 0.2740492170022371 0.3532934131736527
0 0.5637583892617449 0.1721556886227545 0.24608501118568232 0.30538922155688625
0 0.6599552572706935 0.8098802395209581 0.2684563758389262 0.37574850299401197
0 0.610738255033557 0.47305389221556887 0.25838926174496646 0.3278443113772455
0 0.32550335570469796 0.15269461077844312 0.24608501118568232 0.2904191616766467
0 0.1319910514541387 0.34880239520958084 0.26174496644295303 0.3218562874251497
0 0.8624161073825504 0.5988023952095808 0.27293064876957496 0.3473053892215569
0 0.8031319910514542 0.26497005988023953 0.2505592841163311 0.30389221556886226
0 0.35906040268456374 0.4625748502994012 0.25615212527964204 0.32335329341317365
0 0.39038031319910516 0.8068862275449101 0.2695749440715884 0.37425149700598803
