0 0.16133333333333333 0.5742222222222222 0.18533333333333332 0.24355555555555555
0 0.23666666666666666 0.2551111111111111 0.13533333333333333 0.1448888888888889
0 0.29133333333333333 0.4017777777777778 0.14466666666666667 0.17333333333333334
0 0.4653333333333333 0.41333333333333333 0.13733333333333334 0.15288888888888888
0 0.39 0.24977777777777777 0.128 0.168
0 0.5346666666666666 0.6008888888888889 0.15733333333333333 0.1928888888888889
0 0.5246666666666666 0.27555555555555555 0.10933333333333334 0.1288888888888889
0 0.7413333333333333 0.6026666666666667 0.16066666666666668 0.19644444444444445
0 0.6826666666666666 0.2702222222222222 0.128 0.1431111111111111
0 0.784 0.41333333333333333 0.14333333333333334 0.15911111111111112
0 0.6153333333333333 0.416 0.134 0.176
