0 0.6171875 0.4034157832744405 0.18125 0.2043580683156655
0 0.80546875 0.45111896348645464 0.1859375 0.18080094228504123
0 0.4296875 0.37809187279151946 0.16875 0.20906949352179033
0 0.84921875 0.2779740871613663 0.1703125 0.1967020023557126
0 0.5703125 0.5636042402826855 0.196875 0.16548881036513546
0 0.48203125 0.20141342756183744 0.1828125 0.21849234393404005
0 0.66640625 0.23380447585394581 0.1796875 0.20259128386336867
0 0.18515625 0.46819787985865724 0.1921875 0.17491166077738515
0 0.303125 0.15842167255594816 0.175 0.19199057714958775
0 0.76640625 0.6101295641931684 0.1859375 0.1513545347467609
0 0.24296875 0.31919905771495877 0.1796875 0.18256772673733804
0 0.371875 0.5147232037691402 0.1875 0.1702002355712603
