0 0.18490566037735848 0.4368421052631579 0.27169811320754716 0.32105263157894737
0 0.2 0.07368421052631578 0.2792452830188679 0.14736842105263157
0 0.5509433962264151 0.07894736842105263 0.26037735849056604 0.1631578947368421
0 0.8754716981132076 0.07894736842105263 0.2490566037735849 0.1631578947368421
0 0.5433962264150943 0.43157894736842106 0.2339622641509434 0.32105263157894737
0 0.3584905660377358 0.21052631578947367 0.2528301886792453 0.3
0 0.7132075471698113 0.6526315789473685 0.23773584905660378 0.3
0 0.7018867924528301 0.22631578947368422 0.24150943396226415 0.2894736842105263
0 0.879245283018868 0.43157894736842106 0.21509433962264152 0.3105263157894737
0 0.35471698113207545 0.631578947368421 0.23773584905660378 0.32105263157894737
0 0.879245283018868 0.8157894736842105 0.22641509433962265 0.21052631578947367
0 0.5433962264150943 0.8105263157894737 0.2339622641509434 0.21578947368421053
0 0.17735849056603772 0.8210526315789474 0.22641509433962265 0.21052631578947367
