0 0.1417624521072797 0.7564766839378239 0.21839080459770116 0.29533678756476683
0 0.3524904214559387 0.7150259067357513 0.19157088122605365 0.2849740932642487
0 0.6436781609195402 0.10880829015544041 0.19540229885057472 0.18652849740932642
0 0.8160919540229885 0.5751295336787565 0.17624521072796934 0.18134715025906736
0 0.4559386973180077 0.10362694300518134 0.1685823754789272 0.20725388601036268
0 0.18773946360153257 0.45595854922279794 0.18773946360153257 0.24870466321243523
0 0.13793103448275862 0.11917098445595854 0.17624521072796934 0.23316062176165803
0 0.3486590038314176 0.47668393782383417 0.1417624521072797 0.17098445595854922
0 0.6436781609195402 0.6321243523316062 0.16091954022988506 0.21243523316062177
0 0.9731800766283525 0.10362694300518134 0.04980842911877394 0.20725388601036268
0 0.3524904214559387 0.2849740932642487 0.15708812260536398 0.20725388601036268
0 0.8160919540229885 0.2538860103626943 0.24904214559386972 0.45595854922279794
0 0.7432950191570882 0.7979274611398963 0.19540229885057472 0.23834196891191708
0 0.4942528735632184 0.42487046632124353 0.1532567049808429 0.19170984455958548
0 0.9731800766283525 0.7305699481865285 0.04980842911877394 0.23316062176165803
0 0.2988505747126437 0.09844559585492228 0.14942528735632185 0.18652849740932642
0 0.9770114942528736 0.40932642487046633 0.0421455938697318 0.20725388601036268
