0 0.3917910447761194 0.693200663349917 0.15049751243781095 0.19237147595356552
0 0.49502487562189057 0.8640132669983416 0.14676616915422885 0.21724709784411278
0 0.5771144278606966 0.41127694859038144 0.12437810945273632 0.14759535655058043
0 0.5895522388059702 0.6849087893864013 0.13805970149253732 0.17744610281923714
0 0.6766169154228856 0.5422885572139303 0.1318407960199005 0.175787728026534
0 0.30223880597014924 0.5456053067993366 0.14303482587064675 0.1791044776119403
0 0.40671641791044777 0.4129353233830846 0.1318407960199005 0.15257048092868988
0 0.2848258706467662 0.8656716417910447 0.1654228855721393 0.21393034825870647
0 0.09203980099502487 0.8822553897180763 0.18159203980099503 0.21061359867330018
0 0.486318407960199 0.548922056384743 0.14054726368159204 0.1724709784411277
0 0.6990049751243781 0.8524046434494196 0.16169154228855723 0.21724709784411278
0 0.11691542288557213 0.5638474295190713 0.15671641791044777 0.17744610281923714
0 0.19402985074626866 0.7048092868988391 0.15049751243781095 0.18407960199004975
0 0.7960199004975125 0.6782752902155887 0.17164179104477612 0.18076285240464346
0 0.22885572139303484 0.41956882255389716 0.13681592039800994 0.15422885572139303
0 0.9216417910447762 0.5124378109452736 0.15298507462686567 0.5986733001658375
0 0.7512437810945274 0.4096185737976783 0.14676616915422885 0.17412935323383086
