0 0.3442857142857143 0.7457142857142857 0.1442857142857143 0.28
0 0.23857142857142857 0.48857142857142855 0.1357142857142857 0.26857142857142857
0 0.8585714285714285 0.3171428571428571 0.13142857142857142 0.27714285714285714
0 0.12285714285714286 0.6057142857142858 0.09428571428571429 0.18
0 0.5385714285714286 0.16285714285714287 0.13142857142857142 0.2742857142857143
0 0.4614285714285714 0.4514285714285714 0.18142857142857144 0.3457142857142857
0 0.31 0.18571428571428572 0.13714285714285715 0.2714285714285714
0 0.05285714285714286 0.7628571428571429 0.08428571428571428 0.15714285714285714
0 0.8142857142857143 0.5914285714285714 0.10142857142857142 0.21142857142857144
0 0.16285714285714287 0.84 0.11857142857142858 0.2257142857142857
0 0.6685714285714286 0.7 0.1742857142857143 0.37142857142857144
0 0.9357142857142857 0.5257142857142857 0.09428571428571429 0.1742857142857143
0 0.09714285714285714 0.98 0.07142857142857142 0.03428571428571429
0 0.7271428571428571 0.15428571428571428 0.10428571428571429 0.21714285714285714
0 0.5 0.7771428571428571 0.15285714285714286 0.2914285714285714
0 0.3028571428571429 0.9485714285714286 0.09571428571428571 0.1
0 0.6314285714285715 0.36 0.1357142857142857 0.2742857142857143
0 0.4185714285714286 0.06285714285714286 0.11 0.12571428571428572
0 0.4257142857142857 0.9342857142857143 0.08857142857142856 0.12285714285714286
0 0.65 0.02 0.08142857142857143 0.04
0 0.07714285714285714 0.04857142857142857 0.09428571428571429 0.1
0 0.7385714285714285 0.9714285714285714 0.08142857142857143 0.054285714285714284
