0 0.421875 0.6625 0.296875 0.290625
0 0.57265625 0.41640625 0.2953125 0.2921875
0 0.82109375 0.88671875 0.3015625 0.2265625
0 0.115625 0.653125 0.221875 0.278125
0 0.22421875 0.8640625 0.2953125 0.26875
0 0.8625 0.46953125 0.275 0.2859375
0 0.52265625 0.903125 0.2921875 0.190625
0 0.7171875 0.190625 0.28125 0.278125
0 0.13046875 0.146875 0.2609375 0.28125
0 0.703125 0.6671875 0.259375 0.275
0 0.396875 0.17109375 0.2875 0.2859375
0 0.275 0.41640625 0.290625 0.2828125
0 0.06328125 0.38359375 0.1234375 0.2640625
0 0.58828125 0.0484375 0.2171875 0.096875
0 0.93125 0.20078125 0.1375 0.2953125
0 0.96328125 0.678125 0.0734375 0.265625
0 0.03671875 0.90703125 0.0703125 0.1859375
