0 0.5724206349206349 0.1984126984126984 0.16071428571428573 0.2404100529100529
0 0.14285714285714285 0.36772486772486773 0.2140376984126984 0.23578042328042328
0 0.12028769841269842 0.7582671957671958 0.2123015873015873 0.2328042328042328
0 0.5749007936507936 0.5373677248677249 0.19047619047619047 0.22784391534391535
0 0.7209821428571429 0.37334656084656087 0.19196428571428573 0.19973544973544974
0 0.7373511904761905 0.7242063492063492 0.19047619047619047 0.27314814814814814
0 0.2976190476190476 0.207010582010582 0.1984126984126984 0.226521164021164
0 0.8764880952380952 0.5357142857142857 0.20932539682539683 0.25297619047619047
0 0.4288194444444444 0.7288359788359788 0.18898809523809523 0.26091269841269843
0 0.8459821428571429 0.20535714285714285 0.17633928571428573 0.20436507936507936
0 0.4375 0.36937830687830686 0.15922619047619047 0.23875661375661375
