0 0.49823321554770317 0.2028301886792453 0.3901060070671378 0.2655660377358491
0 0.7950530035335689 0.07547169811320754 0.4 0.1481132075471698
0 0.44240282685512367 0.9089622641509434 0.423321554770318 0.17783018867924527
0 0.2826855123674912 0.6504716981132076 0.3901060070671378 0.25754716981132075
0 0.15335689045936396 0.16226415094339622 0.30742049469964666 0.26839622641509436
0 0.24593639575971732 0.389622641509434 0.3484098939929329 0.22924528301886793
0 0.6056537102473498 0.45849056603773586 0.39363957597173144 0.2608490566037736
0 0.823321554770318 0.9122641509433962 0.3526501766784452 0.17169811320754716
0 0.846643109540636 0.27028301886792455 0.30247349823321557 0.28726415094339625
0 0.6826855123674912 0.7202830188679246 0.3872791519434629 0.27169811320754716
0 0.8968197879858657 0.5599056603773584 0.2028268551236749 0.27641509433962264
0 0.06431095406360424 0.5287735849056604 0.12932862190812722 0.23867924528301887
