0 0.33125 0.38958333333333334 0.11666666666666667 0.10416666666666667
0 0.6041666666666666 0.28958333333333336 0.11041666666666666 0.1
0 0.68125 0.5604166666666667 0.11875 0.10416666666666667
0 0.49583333333333335 0.28958333333333336 0.10833333333333334 0.10208333333333333
0 0.2791666666666667 0.48333333333333334 0.12291666666666666 0.1125
0 0.6270833333333333 0.6604166666666667 0.11041666666666666 0.10625
0 0.5583333333333333 0.38333333333333336 0.11875 0.10625
0 0.7375 0.4666666666666667 0.125 0.10208333333333333
0 0.50625 0.47291666666666665 0.11041666666666666 0.10208333333333333
0 0.6208333333333333 0.475 0.11041666666666666 0.10208333333333333
0 0.33958333333333335 0.5770833333333333 0.12083333333333333 0.11875
0 0.38125 0.29375 0.10833333333333334 0.10416666666666667
0 0.56875 0.5708333333333333 0.11041666666666666 0.10833333333333334
0 0.45625 0.5791666666666667 0.1125 0.1125
0 0.8354166666666667 0.2916666666666667 0.11875 0.1
0 0.7208333333333333 0.2791666666666667 0.10833333333333334 0.1
0 0.39375 0.48541666666666666 0.10625 0.10208333333333333
0 0.6708333333333333 0.38125 0.10208333333333333 0.10208333333333333
0 0.7979166666666667 0.5604166666666667 0.11041666666666666 0.10208333333333333
0 0.15416666666666667 0.49583333333333335 0.10625 0.09791666666666667
0 0.78125 0.3770833333333333 0.10833333333333334 0.10833333333333334
0 0.26458333333333334 0.30416666666666664 0.11875 0.11458333333333333
0 0.40208333333333335 0.675 0.1125 0.1125
0 0.85625 0.47708333333333336 0.1125 0.10625
0 0.44583333333333336 0.38125 0.10833333333333334 0.10625
0 0.15 0.30416666666666664 0.10625 0.10625
0 0.22291666666666668 0.5854166666666667 0.11458333333333333 0.09791666666666667
0 0.20416666666666666 0.4041666666666667 0.12291666666666666 0.10416666666666667
0 0.28125 0.6791666666666667 0.11875 0.10208333333333333
0 0.5166666666666667 0.6770833333333334 0.11458333333333333 0.09791666666666667
0 0.7479166666666667 0.65625 0.11458333333333333 0.1125
0 0.86875 0.6458333333333334 0.125 0.09583333333333334
