0 0.24444444444444444 0.5688888888888889 0.21333333333333335 0.2
0 0.6311111111111111 0.88 0.20444444444444446 0.2222222222222222
0 0.8488888888888889 0.8844444444444445 0.21777777777777776 0.21333333333333335
0 0.09777777777777778 0.84 0.19555555555555557 0.2222222222222222
0 0.9155555555555556 0.1111111111111111 0.16444444444444445 0.19111111111111112
0 0.3022222222222222 0.36444444444444446 0.20444444444444446 0.19555555555555557
0 0.4222222222222222 0.8888888888888888 0.19111111111111112 0.21333333333333335
0 0.4488888888888889 0.49333333333333335 0.20444444444444446 0.2088888888888889
0 0.13333333333333333 0.19555555555555557 0.18666666666666668 0.19111111111111112
0 0.5022222222222222 0.19111111111111112 0.18222222222222223 0.18222222222222223
0 0.47555555555555556 0.6933333333333334 0.19111111111111112 0.19111111111111112
0 0.8577777777777778 0.6711111111111111 0.21333333333333335 0.18666666666666668
0 0.11555555555555555 0.39111111111111113 0.18222222222222223 0.19111111111111112
0 0.31555555555555553 0.16 0.19111111111111112 0.21333333333333335
0 0.68 0.5777777777777777 0.19555555555555557 0.20444444444444446
0 0.88 0.3377777777777778 0.22666666666666666 0.26666666666666666
0 0.06666666666666667 0.5688888888888889 0.13777777777777778 0.17777777777777778
0 0.6088888888888889 0.08444444444444445 0.18222222222222223 0.16444444444444445
0 0.7555555555555555 0.15555555555555556 0.16 0.18222222222222223
