0 0.18205128205128204 0.4392857142857143 0.2743589743589744 0.32142857142857145
0 0.19230769230769232 0.075 0.2846153846153846 0.15357142857142858
0 0.5512820512820513 0.08214285714285714 0.258974358974359 0.16428571428571428
0 0.5435897435897435 0.4357142857142857 0.23333333333333334 0.325
0 0.8717948717948718 0.07857142857142857 0.2358974358974359 0.16071428571428573
0 0.358974358974359 0.21428571428571427 0.25384615384615383 0.30714285714285716
0 0.7128205128205128 0.6535714285714286 0.23333333333333334 0.30357142857142855
0 0.882051282051282 0.8142857142857143 0.23076923076923078 0.21428571428571427
0 0.3564102564102564 0.6392857142857142 0.23846153846153847 0.3142857142857143
0 0.7025641025641025 0.22857142857142856 0.23333333333333334 0.29642857142857143
0 0.882051282051282 0.4357142857142857 0.21794871794871795 0.3107142857142857
0 0.5435897435897435 0.8142857142857143 0.23076923076923078 0.21071428571428572
0 0.17435897435897435 0.8214285714285714 0.24615384615384617 0.21071428571428572
0 0.958974358974359 0.65 0.08205128205128205 0.26071428571428573
