0 0.5653846153846154 0.17010309278350516 0.25384615384615383 0.30412371134020616
0 0.6615384615384615 0.8092783505154639 0.27307692307692305 0.3711340206185567
0 0.3230769230769231 0.14948453608247422 0.25 0.29381443298969073
0 0.8615384615384616 0.5979381443298969 0.27307692307692305 0.35051546391752575
0 0.13846153846153847 0.6907216494845361 0.27307692307692305 0.3556701030927835
0 0.6115384615384616 0.4742268041237113 0.26153846153846155 0.31958762886597936
0 0.8038461538461539 0.26288659793814434 0.25769230769230766 0.30412371134020616
0 0.35 0.4639175257731959 0.2692307692307692 0.31443298969072164
0 0.13076923076923078 0.35051546391752575 0.26153846153846155 0.31443298969072164
0 0.38846153846153847 0.8041237113402062 0.27692307692307694 0.37628865979381443
