0 0.5387453874538746 0.7258064516129032 0.0996309963099631 0.12365591397849462
0 0.36162361623616235 0.5913978494623656 0.0959409594095941 0.15591397849462366
0 0.24354243542435425 0.43548387096774194 0.1070110701107011 0.15053763440860216
0 0.44280442804428044 0.7258064516129032 0.09225092250922509 0.16666666666666666
0 0.46863468634686345 0.5698924731182796 0.0959409594095941 0.15053763440860216
0 0.44649446494464945 0.41935483870967744 0.0996309963099631 0.15053763440860216
0 0.45018450184501846 0.27419354838709675 0.0959409594095941 0.12903225806451613
0 0.5461254612546126 0.42473118279569894 0.09225092250922509 0.16666666666666666
0 0.34686346863468637 0.42473118279569894 0.09225092250922509 0.16129032258064516
0 0.23985239852398524 0.7365591397849462 0.0996309963099631 0.15591397849462366
0 0.24723247232472326 0.27956989247311825 0.1033210332103321 0.13978494623655913
0 0.26199261992619927 0.5860215053763441 0.0959409594095941 0.14516129032258066
0 0.6937269372693727 0.6236559139784946 0.0959409594095941 0.12365591397849462
0 0.6531365313653137 0.3172043010752688 0.1033210332103321 0.14516129032258066
0 0.7601476014760148 0.27956989247311825 0.0996309963099631 0.14516129032258066
0 0.7675276752767528 0.553763440860215 0.09225092250922509 0.14516129032258066
0 0.6457564575645757 0.7419354838709677 0.11070110701107011 0.13440860215053763
0 0.5498154981549815 0.27956989247311825 0.1070110701107011 0.12903225806451613
0 0.34317343173431736 0.7419354838709677 0.09225092250922509 0.12365591397849462
0 0.3505535055350554 0.27956989247311825 0.08487084870848709 0.12903225806451613
0 0.5719557195571956 0.5913978494623656 0.1033210332103321 0.15591397849462366
0 0.7601476014760148 0.7150537634408602 0.12177121771217712 0.15591397849462366
0 0.6346863468634686 0.4838709677419355 0.09225092250922509 0.15591397849462366
