0 0.3828125 0.86015625 0.19375 0.1578125
0 0.5708333333333333 0.91484375 0.1921875 0.1546875
0 0.11770833333333333 0.18203125 0.0953125 0.0609375
0 0.7671875 0.93046875 0.203125 0.1359375
0 0.1359375 0.80390625 0.190625 0.1421875
0 0.49375 0.15546875 0.103125 0.0578125
0 0.921875 0.371875 0.153125 0.09375
0 0.24114583333333334 0.4921875 0.1390625 0.096875
0 0.65 0.321875 0.134375 0.096875
0 0.41458333333333336 0.715625 0.1703125 0.125
0 0.6453125 0.4796875 0.140625 0.08125
0 0.5520833333333334 0.6625 0.1484375 0.1125
0 0.540625 0.53671875 0.13125 0.1015625
0 0.7973958333333333 0.80390625 0.1953125 0.1265625
0 0.6161458333333333 0.4078125 0.1359375 0.075
0 0.22708333333333333 0.4125 0.1171875 0.06875
0 0.6890625 0.07421875 0.090625 0.0703125
0 0.11927083333333334 0.684375 0.1765625 0.125
0 0.565625 0.778125 0.16875 0.121875
0 0.375 0.51640625 0.14375 0.0984375
0 0.778125 0.3484375 0.14375 0.1
0 0.675 0.571875 0.15 0.10625
0 0.703125 0.7078125 0.15625 0.109375
0 0.3296875 0.3765625 0.109375 0.0625
0 0.7921875 0.51875 0.153125 0.096875
0 0.9520833333333333 0.8703125 0.0953125 0.146875
0 0.26875 0.63203125 0.153125 0.1203125
0 0.12083333333333333 0.57265625 0.1484375 0.1046875
0 0.53125 0.0625 0.078125 0.05
0 0.2125 0.2046875 0.109375 0.06875
0 0.396875 0.14296875 0.096875 0.0609375
0 0.271875 0.26796875 0.128125 0.0890625
0 0.11614583333333334 0.45859375 0.1234375 0.0984375
0 0.7609375 0.4359375 0.128125 0.06875
0 0.4895833333333333 0.3109375 0.1234375 0.0875
0 0.8520833333333333 0.61171875 0.1609375 0.1046875
0 0.3614583333333333 0.4359375 0.1328125 0.071875
0 0.0390625 0.1625 0.078125 0.065625
0 0.8442708333333333 0.18828125 0.1359375 0.1046875
0 0.946875 0.71015625 0.103125 0.1109375
0 0.871875 0.0890625 0.084375 0.071875
0 0.8161458333333333 0.27578125 0.1203125 0.0765625
0 0.8958333333333334 0.478125 0.1421875 0.096875
0 0.5864583333333333 0.1765625 0.0828125 0.059375
0 0.0359375 0.23359375 0.071875 0.0796875
0 0.27708333333333335 0.14296875 0.1078125 0.0609375
0 0.125 0.10078125 0.090625 0.0578125
0 0.4671875 0.40859375 0.13125 0.0921875
0 0.9348958333333334 0.296875 0.1296875 0.078125
0 0.94375 0.96953125 0.1125 0.0578125
0 0.9473958333333333 0.225 0.1046875 0.075
0 0.1234375 0.2453125 0.121875 0.065625
0 0.953125 0.11171875 0.084375 0.0484375
0 0.7234375 0.1671875 0.125 0.109375
0 0.028125 0.76796875 0.05625 0.1421875
0 0.534375 0.2390625 0.121875 0.059375
0 0.396875 0.27109375 0.11875 0.0953125
0 0.9552083333333333 0.1640625 0.0890625 0.053125
0 0.0765625 0.33671875 0.153125 0.0890625
0 0.028645833333333332 0.6296875 0.0578125 0.103125
0 0.46145833333333336 0.10390625 0.0734375 0.0546875
0 0.44583333333333336 0.05078125 0.0953125 0.0578125
0 0.31145833333333334 0.0390625 0.1046875 0.06875
0 0.2203125 0.3484375 0.1125 0.065625
0 0.5473958333333333 0.1171875 0.0953125 0.05625
0 0.984375 0.459375 0.03125 0.115625
0 0.6921875 0.25625 0.128125 0.078125
0 0.7927083333333333 0.07734375 0.0890625 0.0765625
