0 0.5402298850574713 0.7332869080779945 0.09674329501915709 0.14484679665738162
0 0.467911877394636 0.5689415041782729 0.09818007662835249 0.14832869080779945
0 0.24760536398467434 0.43662952646239556 0.10440613026819924 0.1511142061281337
0 0.4434865900383142 0.7311977715877437 0.09051724137931035 0.16225626740947074
0 0.546455938697318 0.4268802228412256 0.09051724137931035 0.1671309192200557
0 0.36159003831417624 0.5919220055710307 0.09530651340996169 0.15877437325905291
0 0.24329501915708812 0.7409470752089137 0.09674329501915709 0.14832869080779945
0 0.2614942528735632 0.5884401114206128 0.09818007662835249 0.14972144846796656
0 0.44731800766283525 0.2722841225626741 0.09195402298850575 0.13231197771587744
0 0.6910919540229885 0.6246518105849582 0.09818007662835249 0.12743732590529247
0 0.24521072796934865 0.27924791086350975 0.09961685823754789 0.1371866295264624
0 0.7667624521072797 0.5501392757660167 0.09961685823754789 0.1573816155988858
0 0.44971264367816094 0.4178272980501393 0.09961685823754789 0.1511142061281337
0 0.3481800766283525 0.42618384401114207 0.09339080459770115 0.16504178272980502
0 0.3457854406130268 0.7423398328690808 0.09530651340996169 0.13857938718662952
0 0.5488505747126436 0.2785515320334262 0.10440613026819924 0.13231197771587744
0 0.34913793103448276 0.2764623955431755 0.09530651340996169 0.1309192200557103
0 0.6403256704980843 0.4860724233983287 0.09961685823754789 0.1511142061281337
0 0.6489463601532567 0.7409470752089137 0.11063218390804598 0.14206128133704735
0 0.6503831417624522 0.31545961002785516 0.10440613026819924 0.15598885793871867
0 0.5732758620689655 0.5933147632311978 0.10584291187739464 0.14972144846796656
0 0.7605363984674329 0.28551532033426186 0.09674329501915709 0.14972144846796656
0 0.7629310344827587 0.7277158774373259 0.12021072796934866 0.15250696378830084
0 0.9276819923371648 0.33008356545961004 0.13745210727969348 0.6608635097493036
