0 0.20397111913357402 0.8321299638989169 0.2148014440433213 0.22021660649819494
0 0.2148014440433213 0.388086642599278 0.2184115523465704 0.2003610108303249
0 0.20938628158844766 0.5992779783393501 0.2148014440433213 0.1931407942238267
0 0.8465703971119134 0.6371841155234657 0.23104693140794225 0.2111913357400722
0 0.8411552346570397 0.2851985559566787 0.22382671480144403 0.21299638989169675
0 0.7382671480144405 0.4620938628158845 0.22202166064981949 0.20577617328519857
0 0.06859205776173286 0.29783393501805056 0.1371841155234657 0.18772563176895307
0 0.9205776173285198 0.11732851985559567 0.1588447653429603 0.22563176895306858
0 0.05956678700361011 0.4981949458483754 0.11552346570397112 0.2003610108303249
0 0.05956678700361011 0.7075812274368231 0.11552346570397112 0.16967509025270758
0 0.924187725631769 0.4620938628158845 0.14981949458483754 0.2075812274368231
