0 0.39 0.571656050955414 0.1375 0.24522292993630573
0 0.5625 0.2356687898089172 0.12916666666666668 0.2213375796178344
0 0.5258333333333334 0.4745222929936306 0.13083333333333333 0.2515923566878981
0 0.41333333333333333 0.33121019108280253 0.12166666666666667 0.22929936305732485
0 0.815 0.910828025477707 0.1375 0.1751592356687898
0 0.8566666666666667 0.6815286624203821 0.12916666666666668 0.2484076433121019
0 0.6241666666666666 0.6353503184713376 0.12333333333333334 0.2372611464968153
0 0.75 0.5318471337579618 0.12166666666666667 0.2484076433121019
0 0.6 0.8662420382165605 0.10916666666666666 0.2054140127388535
0 0.6491666666666667 0.40605095541401276 0.11083333333333334 0.2085987261146497
0 0.4975 0.7261146496815286 0.12333333333333334 0.2229299363057325
0 0.14916666666666667 0.7006369426751592 0.12333333333333334 0.21178343949044587
0 0.7233333333333334 0.7627388535031847 0.1125 0.2054140127388535
0 0.98 0.6863057324840764 0.03833333333333333 0.18630573248407642
0 0.3358333333333333 0.9331210191082803 0.11833333333333333 0.1321656050955414
0 0.8158333333333333 0.3487261146496815 0.36666666666666664 0.6910828025477707
0 0.94 0.8662420382165605 0.115 0.2372611464968153
