0 0.8565573770491803 0.5217391304347826 0.23770491803278687 0.19806763285024154
0 0.44672131147540983 0.4057971014492754 0.16393442622950818 0.15942028985507245
0 0.1680327868852459 0.5700483091787439 0.1557377049180328 0.15942028985507245
0 0.4262295081967213 0.5748792270531401 0.1680327868852459 0.1642512077294686
0 0.45901639344262296 0.24154589371980675 0.1721311475409836 0.1497584541062802
0 0.27459016393442626 0.8502415458937198 0.1721311475409836 0.18357487922705315
0 0.30327868852459017 0.48792270531400966 0.14754098360655737 0.1497584541062802
0 0.18032786885245902 0.40096618357487923 0.16393442622950818 0.178743961352657
0 0.6844262295081968 0.40096618357487923 0.16393442622950818 0.1642512077294686
0 0.5450819672131147 0.6763285024154589 0.1721311475409836 0.178743961352657
0 0.8360655737704918 0.3333333333333333 0.16393442622950818 0.1642512077294686
0 0.3073770491803279 0.3140096618357488 0.13934426229508196 0.14492753623188406
0 0.6967213114754098 0.6038647342995169 0.1721311475409836 0.18357487922705315
