0 0.6795366795366795 0.5412371134020618 0.13127413127413126 0.17525773195876287
0 0.30115830115830117 0.5412371134020618 0.14285714285714285 0.18041237113402062
0 0.3938223938223938 0.6907216494845361 0.15444015444015444 0.19072164948453607
0 0.5791505791505791 0.4072164948453608 0.13127413127413126 0.14948453608247422
0 0.5907335907335908 0.6907216494845361 0.13513513513513514 0.17525773195876287
0 0.4942084942084942 0.8608247422680413 0.15057915057915058 0.211340206185567
0 0.4092664092664093 0.41237113402061853 0.138996138996139 0.15463917525773196
0 0.2857142857142857 0.865979381443299 0.16988416988416988 0.20618556701030927
0 0.4864864864864865 0.5463917525773195 0.138996138996139 0.18041237113402062
0 0.6988416988416989 0.8505154639175257 0.16216216216216217 0.22164948453608246
0 0.19305019305019305 0.7010309278350515 0.15057915057915058 0.18041237113402062
0 0.09266409266409266 0.8814432989690721 0.1891891891891892 0.211340206185567
0 0.11583011583011583 0.5567010309278351 0.1583011583011583 0.18556701030927836
0 0.22393822393822393 0.41237113402061853 0.13513513513513514 0.13917525773195877
0 0.7992277992277992 0.6701030927835051 0.16988416988416988 0.17010309278350516
0 0.918918918918919 0.5051546391752577 0.1583011583011583 0.6134020618556701
0 0.752895752895753 0.4020618556701031 0.14285714285714285 0.15979381443298968
