0 0.38144329896907214 0.861003861003861 0.1958762886597938 0.16216216216216217
0 0.5670103092783505 0.915057915057915 0.19072164948453607 0.15444015444015444
0 0.13402061855670103 0.803088803088803 0.19072164948453607 0.138996138996139
0 0.6443298969072165 0.3204633204633205 0.12886597938144329 0.09266409266409266
0 0.7680412371134021 0.9305019305019305 0.20103092783505155 0.13127413127413126
0 0.2422680412371134 0.49034749034749037 0.14432989690721648 0.09652509652509653
0 0.41237113402061853 0.7104247104247104 0.17010309278350516 0.1274131274131274
0 0.6443298969072165 0.47876447876447875 0.13917525773195877 0.08108108108108109
0 0.11855670103092783 0.18146718146718147 0.09278350515463918 0.06177606177606178
0 0.9226804123711341 0.37065637065637064 0.14948453608247422 0.09652509652509653
0 0.4948453608247423 0.15444015444015444 0.10309278350515463 0.05791505791505792
0 0.5618556701030928 0.7760617760617761 0.17010309278350516 0.11969111969111969
0 0.6752577319587629 0.5714285714285714 0.14948453608247422 0.10810810810810811
0 0.5412371134020618 0.5328185328185329 0.13402061855670103 0.10424710424710425
0 0.7783505154639175 0.3474903474903475 0.14432989690721648 0.10038610038610038
0 0.11855670103092783 0.6795366795366795 0.17525773195876287 0.11969111969111969
0 0.5567010309278351 0.6563706563706564 0.14432989690721648 0.11969111969111969
0 0.4896907216494845 0.3088803088803089 0.12886597938144329 0.0888030888030888
0 0.7628865979381443 0.4362934362934363 0.12886597938144329 0.0694980694980695
0 0.788659793814433 0.5173745173745173 0.14948453608247422 0.10038610038610038
0 0.1134020618556701 0.4517374517374517 0.11855670103092783 0.10424710424710425
0 0.3917525773195876 0.5135135135135135 0.18041237113402062 0.10038610038610038
0 0.26804123711340205 0.6293436293436293 0.15463917525773196 0.11969111969111969
0 0.8505154639175257 0.18146718146718147 0.14432989690721648 0.11583011583011583
0 0.7938144329896907 0.803088803088803 0.19072164948453607 0.1274131274131274
0 0.6134020618556701 0.40540540540540543 0.13917525773195877 0.07335907335907337
0 0.07731958762886598 0.33976833976833976 0.15463917525773196 0.10038610038610038
0 0.8505154639175257 0.61003861003861 0.17010309278350516 0.10424710424710425
0 0.8144329896907216 0.27413127413127414 0.11855670103092783 0.07722007722007722
0 0.26804123711340205 0.26640926640926643 0.12886597938144329 0.08494208494208494
0 0.20618556701030927 0.20463320463320464 0.10824742268041238 0.0694980694980695
0 0.9536082474226805 0.861003861003861 0.09278350515463918 0.16602316602316602
0 0.03608247422680412 0.23552123552123552 0.07216494845360824 0.08494208494208494
0 0.8969072164948454 0.4749034749034749 0.13917525773195877 0.09652509652509653
0 0.6958762886597938 0.0694980694980695 0.08762886597938144 0.06563706563706563
0 0.02577319587628866 0.7606177606177607 0.05670103092783505 0.13513513513513514
0 0.02577319587628866 0.6332046332046332 0.05670103092783505 0.10810810810810811
0 0.4793814432989691 0.40540540540540543 0.13402061855670103 0.0888030888030888
0 0.12371134020618557 0.5714285714285714 0.14948453608247422 0.10810810810810811
0 0.03608247422680412 0.15444015444015444 0.07731958762886598 0.07335907335907337
0 0.9845360824742269 0.4594594594594595 0.02577319587628866 0.08494208494208494
0 0.9381443298969072 0.29343629343629346 0.12371134020618557 0.07722007722007722
0 0.7061855670103093 0.7065637065637066 0.15463917525773196 0.11969111969111969
0 0.2268041237113402 0.4092664092664093 0.12371134020618557 0.07335907335907337
0 0.9484536082474226 0.7104247104247104 0.0979381443298969 0.11196911196911197
0 0.36082474226804123 0.43243243243243246 0.13402061855670103 0.0694980694980695
0 0.5360824742268041 0.05791505791505792 0.08762886597938144 0.05019305019305019
0 0.8711340206185567 0.0888030888030888 0.07731958762886598 0.0694980694980695
0 0.5876288659793815 0.17374517374517376 0.08247422680412371 0.06563706563706563
0 0.12371134020618557 0.25096525096525096 0.1134020618556701 0.07722007722007722
0 0.7422680412371134 0.16216216216216217 0.13402061855670103 0.11196911196911197
0 0.9484536082474226 0.22393822393822393 0.0979381443298969 0.0694980694980695
0 0.6907216494845361 0.25096525096525096 0.12886597938144329 0.07335907335907337
