0 0.5023160061760165 0.8301595470921256 0.4107050952135872 0.33247555326814204
0 0.24292331446217189 0.6232629953679877 0.3576942871847658 0.34637159032424086
0 0.7529593412249099 0.6459083890890376 0.3901183736489964 0.39835306227483275
0 0.7050952135872363 0.2130725681935152 0.3448275862068966 0.3355635615028307
0 0.49202264539372104 0.4271744724652599 0.33710756562017496 0.3262995367987648
0 0.17653113741636645 0.30262480699948535 0.3530622748327329 0.3247555326814205
0 0.411219763252702 0.13587236232629954 0.32012352032938757 0.26865671641791045
0 0.9058157488419969 0.3968090581574884 0.184251158003088 0.40298507462686567
0 0.15542974781266083 0.07771487390633042 0.31085949562532167 0.1559444158517756
0 0.9217704580545548 0.08800823468862584 0.1559444158517756 0.16984045290787442
