0 0.14 0.4121212121212121 0.11333333333333333 0.2
0 0.7633333333333333 0.2909090909090909 0.12333333333333334 0.18787878787878787
0 0.2633333333333333 0.3151515151515151 0.14 0.296969696969697
0 0.43309859154929575 0.2033898305084746 0.1267605633802817 0.1694915254237288
0 0.6514084507042254 0.6384180790960452 0.11971830985915492 0.1694915254237288
0 0.27816901408450706 0.192090395480226 0.11267605633802817 0.1807909604519774
0 0.5704225352112676 0.1977401129943503 0.11267605633802817 0.1694915254237288
0 0.7922535211267606 0.6440677966101694 0.11619718309859155 0.1694915254237288
0 0.4225352112676056 0.480225988700565 0.10211267605633803 0.1751412429378531
0 0.7464788732394366 0.2033898305084746 0.16549295774647887 0.1751412429378531
0 0.2112676056338028 0.3333333333333333 0.11619718309859155 0.192090395480226
