0 0.38181818181818183 0.4918032786885246 0.1781818181818182 0.22950819672131148
0 0.38181818181818183 0.18032786885245902 0.16727272727272727 0.22404371584699453
0 0.8763636363636363 0.48633879781420764 0.18181818181818182 0.22950819672131148
0 0.6327272727272727 0.18032786885245902 0.18181818181818182 0.21311475409836064
0 0.6327272727272727 0.8032786885245902 0.1890909090909091 0.25136612021857924
0 0.38181818181818183 0.7978142076502732 0.19636363636363635 0.2459016393442623
0 0.13090909090909092 0.48633879781420764 0.18181818181818182 0.2459016393442623
0 0.88 0.18032786885245902 0.1890909090909091 0.22404371584699453
0 0.8690909090909091 0.819672131147541 0.1781818181818182 0.26229508196721313
0 0.6327272727272727 0.4972677595628415 0.19272727272727272 0.22950819672131148
0 0.12727272727272726 0.8032786885245902 0.19272727272727272 0.24043715846994534
0 0.13090909090909092 0.1912568306010929 0.16363636363636364 0.20218579234972678
