0 0.44 0.33879781420765026 0.10545454545454545 0.14754098360655737
0 0.12363636363636364 0.8087431693989071 0.11272727272727273 0.15846994535519127
0 0.24 0.8087431693989071 0.10545454545454545 0.16939890710382513
0 0.7745454545454545 0.8142076502732241 0.11272727272727273 0.16939890710382513
0 0.88 0.18579234972677597 0.11636363636363636 0.15300546448087432
0 0.8763636363636363 0.3442622950819672 0.10909090909090909 0.15300546448087432
0 0.33454545454545453 0.3442622950819672 0.10909090909090909 0.15300546448087432
0 0.6654545454545454 0.5081967213114754 0.10545454545454545 0.15846994535519127
0 0.6618181818181819 0.819672131147541 0.10909090909090909 0.16393442622950818
0 0.6545454545454545 0.33879781420765026 0.11636363636363636 0.15846994535519127
0 0.8945454545454545 0.819672131147541 0.11636363636363636 0.16393442622950818
0 0.5527272727272727 0.5081967213114754 0.11272727272727273 0.16393442622950818
0 0.5490909090909091 0.8142076502732241 0.10545454545454545 0.15846994535519127
0 0.34545454545454546 0.7978142076502732 0.10545454545454545 0.16393442622950818
0 0.44727272727272727 0.8087431693989071 0.10545454545454545 0.15846994535519127
0 0.33090909090909093 0.18579234972677597 0.11636363636363636 0.15300546448087432
0 0.12727272727272726 0.5136612021857924 0.11272727272727273 0.15300546448087432
0 0.7672727272727272 0.3442622950819672 0.10545454545454545 0.15846994535519127
0 0.22545454545454546 0.3551912568306011 0.10909090909090909 0.16393442622950818
0 0.3381818181818182 0.5027322404371585 0.11272727272727273 0.15846994535519127
0 0.5490909090909091 0.18032786885245902 0.10545454545454545 0.15846994535519127
0 0.5490909090909091 0.3442622950819672 0.10181818181818182 0.14754098360655737
0 0.44363636363636366 0.18032786885245902 0.10909090909090909 0.15300546448087432
0 0.7672727272727272 0.18032786885245902 0.10545454545454545 0.15846994535519127
0 0.6581818181818182 0.18579234972677597 0.11272727272727273 0.14207650273224043
0 0.22181818181818183 0.18579234972677597 0.10909090909090909 0.14754098360655737
0 0.88 0.5081967213114754 0.10909090909090909 0.15846994535519127
0 0.22545454545454546 0.6502732240437158 0.10181818181818182 0.12568306010928962
0 0.4218181818181818 0.6502732240437158 0.09090909090909091 0.1366120218579235
0 0.12 0.3551912568306011 0.10909090909090909 0.15300546448087432
0 0.5163636363636364 0.6612021857923497 0.09818181818181818 0.14207650273224043
0 0.7709090909090909 0.5081967213114754 0.10545454545454545 0.15846994535519127
0 0.9018181818181819 0.6612021857923497 0.10181818181818182 0.14207650273224043
0 0.3236363636363636 0.6502732240437158 0.09818181818181818 0.12568306010928962
0 0.12727272727272726 0.6612021857923497 0.10181818181818182 0.12568306010928962
0 0.44727272727272727 0.5027322404371585 0.10545454545454545 0.15846994535519127
0 0.7054545454545454 0.6721311475409836 0.09090909090909091 0.13114754098360656
0 0.7963636363636364 0.6612021857923497 0.09818181818181818 0.1366120218579235
0 0.23636363636363636 0.5136612021857924 0.09454545454545454 0.14754098360655737
0 0.10545454545454545 0.1912568306010929 0.12727272727272726 0.16393442622950818
0 0.610909090909091 0.6612021857923497 0.09454545454545454 0.1366120218579235
