0 0.4955357142857143 0.29777777777777775 0.3794642857142857 0.4
0 0.24553571428571427 0.5822222222222222 0.35267857142857145 0.36
0 0.8482142857142857 0.4 0.30357142857142855 0.44
0 0.2857142857142857 0.8844444444444445 0.39285714285714285 0.2222222222222222
0 0.7991071428571429 0.10222222222222223 0.39285714285714285 0.2088888888888889
0 0.6071428571428571 0.6844444444444444 0.39285714285714285 0.38222222222222224
0 0.15178571428571427 0.24 0.30357142857142855 0.38666666666666666
0 0.8973214285714286 0.8044444444444444 0.20535714285714285 0.38666666666666666
0 0.6651785714285714 0.9377777777777778 0.38839285714285715 0.12
0 0.06696428571428571 0.8 0.13392857142857142 0.37777777777777777
