0 0.7511111111111111 0.7555555555555555 0.16 0.23555555555555555
0 0.6044444444444445 0.8177777777777778 0.18222222222222223 0.19555555555555557
0 0.4711111111111111 0.9288888888888889 0.20444444444444446 0.14222222222222222
0 0.28 0.4177777777777778 0.1688888888888889 0.21333333333333335
0 0.5244444444444445 0.2577777777777778 0.1511111111111111 0.1688888888888889
0 0.7688888888888888 0.5333333333333333 0.1688888888888889 0.22666666666666666
0 0.44 0.022222222222222223 0.12444444444444444 0.044444444444444446
0 0.40444444444444444 0.3333333333333333 0.14222222222222222 0.17777777777777778
0 0.7822222222222223 0.2577777777777778 0.1511111111111111 0.15555555555555556
0 0.21333333333333335 0.6666666666666666 0.19111111111111112 0.19111111111111112
0 0.5688888888888889 0.08444444444444445 0.14666666666666667 0.1511111111111111
0 0.4311111111111111 0.14222222222222222 0.14666666666666667 0.19555555555555557
0 0.3422222222222222 0.8222222222222222 0.19111111111111112 0.2311111111111111
