0 0.2261904761904762 0.6066666666666667 0.20833333333333334 0.13333333333333333
0 0.47619047619047616 0.37 0.19047619047619047 0.10333333333333333
0 0.6607142857142857 0.37 0.18452380952380953 0.10333333333333333
0 0.22023809523809523 0.7466666666666667 0.25595238095238093 0.13333333333333333
0 0.4583333333333333 0.47333333333333333 0.22023809523809523 0.11
0 0.48214285714285715 0.7333333333333333 0.25 0.15333333333333332
0 0.7261904761904762 0.73 0.23809523809523808 0.13333333333333333
0 0.6964285714285714 0.59 0.2261904761904762 0.13666666666666666
0 0.4523809523809524 0.6 0.25595238095238093 0.13
0 0.24404761904761904 0.2866666666666667 0.19642857142857142 0.09333333333333334
0 0.6428571428571429 0.27666666666666667 0.17857142857142858 0.09333333333333334
0 0.4523809523809524 0.28 0.21428571428571427 0.09
0 0.42857142857142855 0.12666666666666668 0.15476190476190477 0.07666666666666666
0 0.2619047619047619 0.12666666666666668 0.16071428571428573 0.08
0 0.25 0.2 0.17261904761904762 0.07666666666666666
0 0.8095238095238095 0.06333333333333334 0.38095238095238093 0.13
0 0.26785714285714285 0.38 0.21428571428571427 0.11
0 0.6785714285714286 0.47 0.20833333333333334 0.11
0 0.24404761904761904 0.4866666666666667 0.20833333333333334 0.1
