0 0.8301158301158301 0.4690721649484536 0.09652509652509653 0.08762886597938144
0 0.6525096525096525 0.7010309278350515 0.07722007722007722 0.13917525773195877
0 0.3436293436293436 0.4072164948453608 0.09266409266409266 0.09278350515463918
0 0.7335907335907336 0.4948453608247423 0.0888030888030888 0.09278350515463918
0 0.33976833976833976 0.4948453608247423 0.09652509652509653 0.08762886597938144
0 0.5752895752895753 0.7061855670103093 0.07335907335907337 0.12886597938144329
0 0.44787644787644787 0.5824742268041238 0.10424710424710425 0.08762886597938144
0 0.4362934362934363 0.4948453608247423 0.09652509652509653 0.08762886597938144
0 0.3474903474903475 0.5824742268041238 0.0888030888030888 0.0979381443298969
0 0.637065637065637 0.5824742268041238 0.09266409266409266 0.08762886597938144
0 0.6332046332046332 0.4896907216494845 0.10038610038610038 0.0979381443298969
0 0.5366795366795367 0.4948453608247423 0.0888030888030888 0.08762886597938144
0 0.6254826254826255 0.39690721649484534 0.09652509652509653 0.09278350515463918
0 0.24324324324324326 0.4845360824742268 0.10038610038610038 0.08762886597938144
0 0.8223938223938224 0.38144329896907214 0.0888030888030888 0.09278350515463918
0 0.5444015444015444 0.5876288659793815 0.0888030888030888 0.0979381443298969
0 0.4362934362934363 0.4072164948453608 0.09266409266409266 0.09278350515463918
0 0.7258687258687259 0.4020618556701031 0.09652509652509653 0.08762886597938144
0 0.5328185328185329 0.4020618556701031 0.09266409266409266 0.0979381443298969
0 0.7335907335907336 0.5824742268041238 0.09652509652509653 0.08762886597938144
0 0.8455598455598455 0.5618556701030928 0.11583011583011583 0.0979381443298969
0 0.9073359073359073 0.4020618556701031 0.08108108108108109 0.11855670103092783
0 0.24324324324324326 0.4020618556701031 0.09652509652509653 0.09278350515463918
0 0.35135135135135137 0.7061855670103093 0.07722007722007722 0.13917525773195877
0 0.5019305019305019 0.7061855670103093 0.07335907335907337 0.13402061855670103
0 0.14671814671814673 0.4948453608247423 0.0888030888030888 0.09278350515463918
0 0.7297297297297297 0.7010309278350515 0.08494208494208494 0.12886597938144329
0 0.9498069498069498 0.6907216494845361 0.06563706563706563 0.11855670103092783
0 0.42857142857142855 0.7061855670103093 0.07722007722007722 0.12886597938144329
0 0.25096525096525096 0.5773195876288659 0.10424710424710425 0.0979381443298969
0 0.2702702702702703 0.7061855670103093 0.08494208494208494 0.12886597938144329
0 0.806949806949807 0.6958762886597938 0.07722007722007722 0.13402061855670103
0 0.9305019305019305 0.5309278350515464 0.08108108108108109 0.12886597938144329
0 0.8764478764478765 0.6958762886597938 0.08108108108108109 0.13402061855670103
0 0.17374517374517376 0.7010309278350515 0.11196911196911197 0.13917525773195877
0 0.14671814671814673 0.5824742268041238 0.09652509652509653 0.08762886597938144
0 0.14671814671814673 0.4020618556701031 0.0888030888030888 0.10309278350515463
0 0.2471042471042471 0.31958762886597936 0.46332046332046334 0.6288659793814433
