0 0.4961832061068702 0.8704663212435233 0.2480916030534351 0.25906735751295334
0 0.15648854961832062 0.18134715025906736 0.17938931297709923 0.17616580310880828
0 0.0916030534351145 0.8911917098445595 0.183206106870229 0.21761658031088082
0 0.9007633587786259 0.8756476683937824 0.1984732824427481 0.24870466321243523
0 0.6717557251908397 0.48704663212435234 0.19083969465648856 0.25906735751295334
0 0.6946564885496184 0.7668393782383419 0.22519083969465647 0.29015544041450775
0 0.46564885496183206 0.16580310880829016 0.15648854961832062 0.18652849740932642
0 0.4847328244274809 0.5906735751295337 0.22519083969465647 0.27461139896373055
0 0.29389312977099236 0.46113989637305697 0.21374045801526717 0.21761658031088082
0 0.30916030534351147 0.25906735751295334 0.1717557251908397 0.17098445595854922
0 0.6335877862595419 0.25906735751295334 0.17938931297709923 0.21761658031088082
0 0.12595419847328243 0.37823834196891193 0.19083969465648856 0.20725388601036268
0 0.11068702290076336 0.6217616580310881 0.21374045801526717 0.2538860103626943
0 0.8740458015267175 0.5958549222797928 0.1946564885496183 0.24352331606217617
0 0.7786259541984732 0.15544041450777202 0.17938931297709923 0.16580310880829016
0 0.27099236641221375 0.7616580310880829 0.22519083969465647 0.2849740932642487
0 0.48091603053435117 0.35233160621761656 0.18702290076335878 0.18652849740932642
0 0.32061068702290074 0.08290155440414508 0.15267175572519084 0.16062176165803108
0 0.8091603053435115 0.3626943005181347 0.18702290076335878 0.24352331606217617
0 0.6145038167938931 0.07772020725388601 0.16412213740458015 0.14507772020725387
0 0.7099236641221374 0.9637305699481865 0.22519083969465647 0.06735751295336788
0 0.7480916030534351 0.031088082901554404 0.13740458015267176 0.06217616580310881
