0 0.84765625 0.330078125 0.201171875 0.201171875
0 0.76171875 0.162109375 0.1953125 0.18408203125
0 0.39111328125 0.3662109375 0.20458984375 0.20751953125
0 0.5654296875 0.25927734375 0.18408203125 0.1748046875
0 0.19580078125 0.44189453125 0.20458984375 0.193359375
0 0.9140625 0.5107421875 0.171875 0.18408203125
0 0.64990234375 0.42724609375 0.193359375 0.19189453125
0 0.28662109375 0.6279296875 0.1953125 0.21240234375
0 0.36328125 0.78955078125 0.1953125 0.19189453125
0 0.7265625 0.6162109375 0.193359375 0.1953125
0 0.5419921875 0.69921875 0.19677734375 0.1982421875
0 0.466796875 0.52880859375 0.203125 0.201171875
0 0.09814453125 0.19580078125 0.193359375 0.3857421875
