0 0.23076923076923078 0.7993311036789298 0.1893491124260355 0.12040133779264214
0 0.40236686390532544 0.7157190635451505 0.1893491124260355 0.10367892976588629
0 0.5621301775147929 0.3311036789297659 0.1834319526627219 0.11371237458193979
0 0.40236686390532544 0.5652173913043478 0.1952662721893491 0.10367892976588629
0 0.5621301775147929 0.17725752508361203 0.16568047337278108 0.12040133779264214
0 0.7100591715976331 0.25752508361204013 0.1834319526627219 0.11705685618729098
0 0.8579881656804734 0.3377926421404682 0.20118343195266272 0.10367892976588629
0 0.2485207100591716 0.6321070234113713 0.21301775147928995 0.11036789297658862
0 0.7159763313609467 0.5618729096989966 0.1952662721893491 0.10367892976588629
0 0.40828402366863903 0.24749163879598662 0.1834319526627219 0.11036789297658862
0 0.6982248520710059 0.7224080267558528 0.1834319526627219 0.10702341137123746
0 0.7159763313609467 0.41471571906354515 0.1834319526627219 0.10033444816053512
0 0.8520710059171598 0.1939799331103679 0.17159763313609466 0.10367892976588629
0 0.40828402366863903 0.4080267558528428 0.1893491124260355 0.10367892976588629
0 0.23076923076923078 0.3277591973244147 0.1952662721893491 0.11371237458193979
0 0.2485207100591716 0.16387959866220736 0.1834319526627219 0.11371237458193979
0 0.863905325443787 0.6421404682274248 0.1834319526627219 0.10367892976588629
0 0.25443786982248523 0.4916387959866221 0.20710059171597633 0.10033444816053512
0 0.5739644970414202 0.6421404682274248 0.20710059171597633 0.10033444816053512
0 0.8698224852071006 0.4916387959866221 0.17751479289940827 0.09364548494983277
