0 0.17454545454545456 0.639344262295082 0.19636363636363635 0.26229508196721313
0 0.19272727272727272 0.4371584699453552 0.2 0.22404371584699453
0 0.38181818181818183 0.639344262295082 0.20727272727272728 0.2677595628415301
0 0.3927272727272727 0.43169398907103823 0.2 0.22404371584699453
0 0.34545454545454546 0.15846994535519127 0.15636363636363637 0.20765027322404372
0 0.7818181818181819 0.4644808743169399 0.1890909090909091 0.2568306010928962
0 0.5963636363636363 0.639344262295082 0.21454545454545454 0.2677595628415301
0 0.22181818181818183 0.08743169398907104 0.16 0.18032786885245902
0 0.3490909090909091 0.0273224043715847 0.12363636363636364 0.0546448087431694
0 0.6654545454545454 0.16393442622950818 0.3490909090909091 0.3333333333333333
