0 0.1 0.73 0.2 0.22
0 0.3 0.72 0.21 0.2
0 0.49 0.53 0.21 0.21
0 0.74 0.32 0.21 0.21
0 0.31 0.31 0.22 0.2
0 0.53 0.32 0.21 0.21
0 0.7 0.53 0.2 0.21
0 0.29 0.91 0.21 0.17
0 0.9 0.53 0.2 0.21
0 0.28 0.52 0.21 0.2
0 0.32 0.1 0.2 0.2
0 0.53 0.1 0.2 0.21
0 0.51 0.75 0.2 0.2
0 0.11 0.09 0.22 0.19
0 0.1 0.3 0.2 0.2
0 0.73 0.1 0.21 0.21
0 0.09 0.5 0.17 0.21
0 0.72 0.75 0.21 0.2
0 0.5 0.93 0.21 0.14
0 0.71 0.93 0.2 0.13
0 0.91 0.11 0.17 0.21
0 0.1 0.92 0.18 0.15
0 0.93 0.33 0.14 0.22
