0 0.5168918918918919 0.2647058823529412 0.10472972972972973 0.16470588235294117
0 0.6824324324324325 0.7705882352941177 0.11824324324324324 0.1588235294117647
0 0.6959459459459459 0.1 0.09797297297297297 0.17647058823529413
0 0.24662162162162163 0.6411764705882353 0.11486486486486487 0.13529411764705881
0 0.3547297297297297 0.6294117647058823 0.09797297297297297 0.12352941176470589
0 0.20945945945945946 0.28823529411764703 0.10135135135135136 0.17058823529411765
0 0.49324324324324326 0.1 0.09121621621621621 0.16470588235294117
0 0.8344594594594594 0.3941176470588235 0.08783783783783784 0.13529411764705881
0 0.9087837837837838 0.8823529411764706 0.10135135135135136 0.13529411764705881
0 0.6756756756756757 0.6235294117647059 0.10472972972972973 0.12352941176470589
0 0.1858108108108108 0.12941176470588237 0.10135135135135136 0.16470588235294117
0 0.7398648648648649 0.4 0.08783783783783784 0.12941176470588237
0 0.8209459459459459 0.2529411764705882 0.0945945945945946 0.13529411764705881
0 0.46621621621621623 0.6294117647058823 0.10135135135135136 0.13529411764705881
0 0.4155405405405405 0.2647058823529412 0.10135135135135136 0.16470588235294117
0 0.9121621621621622 0.6176470588235294 0.11486486486486487 0.11764705882352941
0 0.09121621621621621 0.11764705882352941 0.08108108108108109 0.15294117647058825
0 0.36824324324324326 0.7764705882352941 0.10810810810810811 0.15294117647058825
0 0.2635135135135135 0.7823529411764706 0.10472972972972973 0.1411764705882353
0 0.39864864864864863 0.10588235294117647 0.10135135135135136 0.1588235294117647
0 0.8851351351351351 0.7352941176470589 0.09121621621621621 0.12352941176470589
0 0.3141891891891892 0.2823529411764706 0.09797297297297297 0.16470588235294117
0 0.9087837837837838 0.23529411764705882 0.08783783783783784 0.1588235294117647
0 0.6925675675675675 0.9235294117647059 0.08108108108108109 0.13529411764705881
0 0.2939189189189189 0.12941176470588237 0.11148648648648649 0.16470588235294117
0 0.44932432432432434 0.4117647058823529 0.10810810810810811 0.12941176470588237
0 0.5608108108108109 0.023529411764705882 0.0777027027027027 0.047058823529411764
0 0.5912162162162162 0.12941176470588237 0.10135135135135136 0.17647058823529413
0 0.47635135135135137 0.7764705882352941 0.10472972972972973 0.1411764705882353
0 0.5777027027027027 0.7647058823529411 0.10135135135135136 0.14705882352941177
0 0.8006756756756757 0.8823529411764706 0.10472972972972973 0.12352941176470589
0 0.7972972972972973 0.11764705882352941 0.09121621621621621 0.14705882352941177
0 0.7972972972972973 0.6235294117647059 0.09797297297297297 0.1411764705882353
