0 0.4007220216606498 0.26373626373626374 0.11191335740072202 0.14835164835164835
0 0.5054151624548736 0.1978021978021978 0.11191335740072202 0.14285714285714285
0 0.36101083032490977 0.8076923076923077 0.1371841155234657 0.19230769230769232
0 0.17689530685920576 0.3901098901098901 0.11552346570397112 0.14285714285714285
0 0.23465703971119134 0.5384615384615384 0.1299638989169675 0.15384615384615385
0 0.2888086642599278 0.33516483516483514 0.11913357400722022 0.14835164835164835
0 0.5342960288808665 0.5164835164835165 0.12274368231046931 0.1813186813186813
0 0.4151624548736462 0.5934065934065934 0.13357400722021662 0.17582417582417584
0 0.35018050541516244 0.45604395604395603 0.11552346570397112 0.17032967032967034
0 0.4620938628158845 0.3791208791208791 0.11913357400722022 0.15934065934065933
0 0.6101083032490975 0.13186813186813187 0.10830324909747292 0.14835164835164835
0 0.6425992779783394 0.44505494505494503 0.11913357400722022 0.16483516483516483
0 0.48736462093862815 0.7307692307692307 0.1299638989169675 0.15384615384615385
0 0.7184115523465704 0.5659340659340659 0.12274368231046931 0.14285714285714285
0 0.2996389891696751 0.6593406593406593 0.1299638989169675 0.15934065934065933
0 0.6750902527075813 0.24175824175824176 0.11191335740072202 0.15384615384615385
0 0.6064981949458483 0.6428571428571429 0.1299638989169675 0.15384615384615385
0 0.7509025270758123 0.3626373626373626 0.11552346570397112 0.15934065934065933
