0 0.5022222222222222 0.8266666666666667 0.4088888888888889 0.3333333333333333
0 0.7511111111111111 0.6444444444444445 0.39555555555555555 0.4
0 0.24 0.6222222222222222 0.36 0.3511111111111111
0 0.7066666666666667 0.21333333333333335 0.3466666666666667 0.3377777777777778
0 0.17777777777777778 0.3022222222222222 0.35555555555555557 0.3244444444444444
0 0.49333333333333335 0.4266666666666667 0.3377777777777778 0.3288888888888889
0 0.4088888888888889 0.13777777777777778 0.3244444444444444 0.26666666666666666
0 0.9022222222222223 0.39555555555555555 0.19111111111111112 0.4088888888888889
0 0.16444444444444445 0.06666666666666667 0.3333333333333333 0.13777777777777778
0 0.9155555555555556 0.08888888888888889 0.16444444444444445 0.17333333333333334
