0 0.38222222222222224 0.8444444444444444 0.27555555555555555 0.24
0 0.4311111111111111 0.4711111111111111 0.20444444444444446 0.19555555555555557
0 0.6533333333333333 0.6577777777777778 0.24888888888888888 0.25333333333333335
0 0.8622222222222222 0.5288888888888889 0.21333333333333335 0.19555555555555557
0 0.41333333333333333 0.6444444444444445 0.21333333333333335 0.15555555555555556
0 0.17777777777777778 0.6177777777777778 0.26222222222222225 0.3022222222222222
0 0.06222222222222222 0.37333333333333335 0.1288888888888889 0.10666666666666667
0 0.2577777777777778 0.4177777777777778 0.18222222222222223 0.12
0 0.4488888888888889 0.3288888888888889 0.1688888888888889 0.09333333333333334
0 0.9688888888888889 0.39111111111111113 0.06222222222222222 0.09333333333333334
0 0.64 0.49333333333333335 0.2088888888888889 0.09777777777777778
0 0.017777777777777778 0.2577777777777778 0.035555555555555556 0.09333333333333334
0 0.20444444444444446 0.022222222222222223 0.10222222222222223 0.044444444444444446
0 0.6311111111111111 0.4 0.18666666666666668 0.09333333333333334
0 0.5466666666666666 0.2311111111111111 0.1511111111111111 0.1288888888888889
0 0.07111111111111111 0.28444444444444444 0.14666666666666667 0.07555555555555556
