0 0.4107142857142857 0.5669642857142857 0.14732142857142858 0.14285714285714285
0 0.42857142857142855 0.71875 0.15178571428571427 0.15178571428571427
0 0.5714285714285714 0.44642857142857145 0.14285714285714285 0.12946428571428573
0 0.35714285714285715 0.32142857142857145 0.14285714285714285 0.15625
0 0.7946428571428571 0.20089285714285715 0.11607142857142858 0.125
0 0.5848214285714286 0.7232142857142857 0.15625 0.15178571428571427
0 0.875 0.5758928571428571 0.16517857142857142 0.14732142857142858
0 0.6651785714285714 0.19196428571428573 0.13839285714285715 0.12053571428571429
0 0.42410714285714285 0.4375 0.13839285714285715 0.11607142857142858
0 0.5625 0.5758928571428571 0.14732142857142858 0.12946428571428573
0 0.09821428571428571 0.7232142857142857 0.16964285714285715 0.15178571428571427
0 0.5446428571428571 0.23214285714285715 0.125 0.125
0 0.41964285714285715 0.19642857142857142 0.13392857142857142 0.10714285714285714
0 0.2857142857142857 0.20089285714285715 0.12946428571428573 0.09821428571428571
0 0.7142857142857143 0.5803571428571429 0.15625 0.14285714285714285
0 0.25892857142857145 0.5714285714285714 0.15178571428571427 0.15178571428571427
0 0.26785714285714285 0.71875 0.16071428571428573 0.14732142857142858
0 0.8705357142857143 0.4330357142857143 0.16071428571428573 0.12946428571428573
0 0.71875 0.3080357142857143 0.14285714285714285 0.125
0 0.15625 0.19196428571428573 0.13839285714285715 0.11607142857142858
0 0.9107142857142857 0.7232142857142857 0.16071428571428573 0.15625
0 0.12946428571428573 0.3080357142857143 0.14732142857142858 0.125
0 0.09821428571428571 0.5714285714285714 0.16964285714285715 0.14732142857142858
0 0.75 0.71875 0.16964285714285715 0.14732142857142858
0 0.12946428571428573 0.4375 0.15178571428571427 0.13839285714285715
0 0.2767857142857143 0.4330357142857143 0.15178571428571427 0.125
0 0.7142857142857143 0.4330357142857143 0.14732142857142858 0.13839285714285715
0 0.4732142857142857 0.3125 0.08928571428571429 0.125
0 0.8571428571428571 0.3080357142857143 0.13839285714285715 0.12053571428571429
0 0.5848214285714286 0.33035714285714285 0.14285714285714285 0.10267857142857142
