0 0.5241157556270096 0.4691358024691358 0.13504823151125403 0.25308641975308643
0 0.3890675241157556 0.5679012345679012 0.1414790996784566 0.25308641975308643
0 0.4115755627009646 0.3271604938271605 0.12540192926045016 0.22839506172839505
0 0.8135048231511254 0.9074074074074074 0.1382636655948553 0.17901234567901234
0 0.6237942122186495 0.6296296296296297 0.12861736334405144 0.24074074074074073
0 0.49517684887459806 0.7222222222222222 0.12861736334405144 0.22839506172839505
0 0.5980707395498392 0.8703703703703703 0.10610932475884244 0.20987654320987653
0 0.8135048231511254 0.3271604938271605 0.36977491961414793 0.6604938271604939
0 0.14469453376205788 0.6975308641975309 0.1189710610932476 0.2222222222222222
0 0.7234726688102894 0.7654320987654321 0.11254019292604502 0.20987654320987653
0 0.1832797427652733 0.3271604938271605 0.36977491961414793 0.654320987654321
0 0.5627009646302251 0.22839506172839505 0.12861736334405144 0.22839506172839505
0 0.9389067524115756 0.8641975308641975 0.1189710610932476 0.2345679012345679
