0 0.5714285714285714 0.1958762886597938 0.16216216216216217 0.2422680412371134
0 0.722007722007722 0.3711340206185567 0.1891891891891892 0.19072164948453607
0 0.14285714285714285 0.36597938144329895 0.22007722007722008 0.23711340206185566
0 0.11969111969111969 0.7525773195876289 0.2084942084942085 0.2268041237113402
0 0.2972972972972973 0.20103092783505155 0.20077220077220076 0.22164948453608246
0 0.8764478764478765 0.5309278350515464 0.20463320463320464 0.25257731958762886
0 0.5752895752895753 0.5360824742268041 0.1891891891891892 0.21649484536082475
0 0.7374517374517374 0.7216494845360825 0.19305019305019305 0.27835051546391754
0 0.42857142857142855 0.7319587628865979 0.1969111969111969 0.25773195876288657
0 0.44015444015444016 0.36597938144329895 0.16216216216216217 0.23711340206185566
