0 0.4972677595628415 0.20363636363636364 0.3989071038251366 0.26545454545454544
0 0.7923497267759563 0.07272727272727272 0.3989071038251366 0.14909090909090908
0 0.4371584699453552 0.9090909090909091 0.4207650273224044 0.18181818181818182
0 0.2459016393442623 0.3781818181818182 0.34972677595628415 0.20363636363636364
0 0.8469945355191257 0.2727272727272727 0.3005464480874317 0.29818181818181816
0 0.6065573770491803 0.4581818181818182 0.3989071038251366 0.26181818181818184
0 0.819672131147541 0.9127272727272727 0.3551912568306011 0.17454545454545456
0 0.2786885245901639 0.6545454545454545 0.39344262295081966 0.26181818181818184
0 0.6885245901639344 0.72 0.37158469945355194 0.28
0 0.8961748633879781 0.56 0.20218579234972678 0.27636363636363637
0 0.15300546448087432 0.15636363636363637 0.3005464480874317 0.26545454545454544
0 0.06557377049180328 0.5272727272727272 0.13114754098360656 0.24
