0 0.09821428571428571 0.7288888888888889 0.20089285714285715 0.21777777777777776
0 0.7366071428571429 0.10666666666666667 0.20535714285714285 0.2088888888888889
0 0.7008928571428571 0.5377777777777778 0.20535714285714285 0.21333333333333335
0 0.49107142857142855 0.5333333333333333 0.20982142857142858 0.2088888888888889
0 0.30357142857142855 0.7155555555555555 0.20982142857142858 0.2
0 0.7410714285714286 0.3244444444444444 0.20982142857142858 0.21333333333333335
0 0.29017857142857145 0.9155555555555556 0.20982142857142858 0.1688888888888889
0 0.2857142857142857 0.5155555555555555 0.20535714285714285 0.19111111111111112
0 0.71875 0.7555555555555555 0.20982142857142858 0.21333333333333335
0 0.5089285714285714 0.7422222222222222 0.20089285714285715 0.2
0 0.5044642857142857 0.9244444444444444 0.21428571428571427 0.1511111111111111
0 0.11160714285714286 0.09333333333333334 0.21428571428571427 0.19111111111111112
0 0.3125 0.3111111111111111 0.21428571428571427 0.19555555555555557
0 0.5357142857142857 0.3244444444444444 0.20535714285714285 0.2088888888888889
0 0.10267857142857142 0.29777777777777775 0.19196428571428573 0.19555555555555557
0 0.3169642857142857 0.10222222222222223 0.20982142857142858 0.19555555555555557
0 0.90625 0.5333333333333333 0.1875 0.21777777777777776
0 0.5267857142857143 0.10666666666666667 0.19642857142857142 0.20444444444444446
0 0.09375 0.5022222222222222 0.17857142857142858 0.2088888888888889
0 0.7053571428571429 0.9333333333333333 0.20089285714285715 0.13333333333333333
0 0.9196428571428571 0.1111111111111111 0.15625 0.20444444444444446
0 0.09375 0.92 0.18303571428571427 0.15555555555555556
0 0.9285714285714286 0.3244444444444444 0.14285714285714285 0.2088888888888889
0 0.9017857142857143 0.9333333333333333 0.19196428571428573 0.13333333333333333
0 0.9151785714285714 0.7555555555555555 0.16964285714285715 0.2088888888888889
