0 0.7767857142857143 0.5133928571428571 0.13392857142857142 0.14732142857142858
0 0.5535714285714286 0.6651785714285714 0.14285714285714285 0.14285714285714285
0 0.45089285714285715 0.41964285714285715 0.13392857142857142 0.13392857142857142
0 0.33482142857142855 0.49107142857142855 0.13392857142857142 0.13839285714285715
0 0.7678571428571429 0.3482142857142857 0.12946428571428573 0.14285714285714285
0 0.35714285714285715 0.34375 0.13839285714285715 0.13839285714285715
0 0.4330357142857143 0.5803571428571429 0.13839285714285715 0.14285714285714285
0 0.5491071428571429 0.5 0.12946428571428573 0.14285714285714285
0 0.7678571428571429 0.6741071428571429 0.13839285714285715 0.15625
0 0.6607142857142857 0.5848214285714286 0.13839285714285715 0.14732142857142858
0 0.6607142857142857 0.75 0.14285714285714285 0.12053571428571429
0 0.36607142857142855 0.20535714285714285 0.12053571428571429 0.11160714285714286
0 0.42857142857142855 0.7321428571428571 0.14732142857142858 0.12946428571428573
0 0.5625 0.3482142857142857 0.13392857142857142 0.12946428571428573
0 0.32142857142857145 0.65625 0.13392857142857142 0.14285714285714285
0 0.6651785714285714 0.16517857142857142 0.11160714285714286 0.10714285714285714
0 0.4642857142857143 0.2767857142857143 0.12946428571428573 0.12053571428571429
0 0.5669642857142857 0.22321428571428573 0.10714285714285714 0.11607142857142858
0 0.6607142857142857 0.4330357142857143 0.13839285714285715 0.125
0 0.6607142857142857 0.2857142857142857 0.12053571428571429 0.12946428571428573
0 0.47767857142857145 0.15625 0.12053571428571429 0.11607142857142858
