0 0.5840277777777778 0.6577355229040622 0.125 0.14779602420051857
0 0.37777777777777777 0.46499567847882456 0.11875 0.14347450302506481
0 0.3770833333333333 0.3050993949870354 0.12916666666666668 0.15730337078651685
0 0.68125 0.7484874675885912 0.12152777777777778 0.14779602420051857
0 0.48541666666666666 0.5462402765773552 0.125 0.14606741573033707
0 0.36527777777777776 0.6136560069144339 0.12152777777777778 0.14347450302506481
0 0.6027777777777777 0.317199654278306 0.13125 0.14779602420051857
0 0.4875 0.38720829732065687 0.12777777777777777 0.1529818496110631
0 0.4638888888888889 0.6992221261884183 0.12777777777777777 0.14347450302506481
0 0.7083333333333334 0.4044943820224719 0.1326388888888889 0.16853932584269662
0 0.2611111111111111 0.3716508210890233 0.12638888888888888 0.1529818496110631
0 0.5986111111111111 0.4857389801210026 0.12013888888888889 0.16248919619706137
0 0.5625 0.7942955920484011 0.12777777777777777 0.12964563526361278
0 0.2701388888888889 0.5350043215211755 0.11875 0.14174589455488332
0 0.49722222222222223 0.226447709593777 0.12013888888888889 0.15903197925669835
0 0.6986111111111111 0.5859982713915298 0.12916666666666668 0.1633535004321521
0 0.8388888888888889 0.4995678478824546 0.19027777777777777 0.16508210890233363
0 0.3888888888888889 0.13828867761452032 0.13402777777777777 0.16508210890233363
0 0.06875 0.8599827139152982 0.04027777777777778 0.04840103716508211
0 0.16597222222222222 0.21089023336214346 0.3326388888888889 0.42005185825410546
