0 0.45 0.36666666666666664 0.19285714285714287 0.29444444444444445
0 0.08571428571428572 0.6166666666666667 0.16428571428571428 0.3111111111111111
0 0.2 0.8666666666666667 0.2 0.26666666666666666
0 0.7178571428571429 0.8611111111111112 0.20357142857142857 0.2777777777777778
0 0.19642857142857142 0.36666666666666664 0.2 0.2833333333333333
0 0.4607142857142857 0.8611111111111112 0.17142857142857143 0.2722222222222222
0 0.7 0.3611111111111111 0.2 0.3
0 0.8392857142857143 0.6111111111111112 0.21785714285714286 0.3111111111111111
0 0.32142857142857145 0.6166666666666667 0.19642857142857142 0.28888888888888886
0 0.5928571428571429 0.13333333333333333 0.17857142857142858 0.26666666666666666
0 0.09285714285714286 0.13333333333333333 0.17857142857142858 0.2722222222222222
0 0.5714285714285714 0.6166666666666667 0.18571428571428572 0.25555555555555554
0 0.925 0.3611111111111111 0.14642857142857144 0.28888888888888886
0 0.825 0.13333333333333333 0.19285714285714287 0.25555555555555554
0 0.32142857142857145 0.13333333333333333 0.18571428571428572 0.26666666666666666
0 0.9357142857142857 0.8388888888888889 0.12857142857142856 0.31666666666666665
