0 0.47540983606557374 0.5309090909090909 0.3551912568306011 0.22181818181818183
0 0.28415300546448086 0.22181818181818183 0.366120218579235 0.23272727272727273
0 0.6557377049180327 0.3054545454545455 0.39344262295081966 0.26545454545454544
0 0.5300546448087432 0.08363636363636363 0.4262295081967213 0.1709090909090909
0 0.15846994535519127 0.44 0.3114754098360656 0.23272727272727273
0 0.1366120218579235 0.9127272727272727 0.2786885245901639 0.17454545454545456
0 0.45901639344262296 0.7781818181818182 0.3770491803278688 0.24727272727272728
0 0.8469945355191257 0.5345454545454545 0.30601092896174864 0.24
0 0.8633879781420765 0.10181818181818182 0.273224043715847 0.20727272727272728
0 0.8360655737704918 0.8 0.32786885245901637 0.2727272727272727
0 0.1366120218579235 0.6872727272727273 0.273224043715847 0.2509090909090909
0 0.16939890710382513 0.05454545454545454 0.33879781420765026 0.11272727272727273
0 0.9344262295081968 0.3236363636363636 0.13114754098360656 0.24
