0 0.6756756756756757 0.211340206185567 0.1274131274131274 0.15463917525773196
0 0.5173745173745173 0.20618556701030927 0.1274131274131274 0.17010309278350516
0 0.888030888030888 0.6494845360824743 0.14285714285714285 0.15979381443298968
0 0.3436293436293436 0.20103092783505155 0.13513513513513514 0.16494845360824742
0 0.16988416988416988 0.18556701030927836 0.15057915057915058 0.17010309278350516
0 0.8416988416988417 0.20618556701030927 0.15057915057915058 0.18041237113402062
0 0.9111969111969112 0.36082474226804123 0.138996138996139 0.15463917525773196
0 0.43243243243243246 0.36597938144329895 0.1274131274131274 0.15979381443298968
0 0.27413127413127414 0.6391752577319587 0.11969111969111969 0.14948453608247422
0 0.7606177606177607 0.3711340206185567 0.13127413127413126 0.15463917525773196
0 0.42857142857142855 0.6443298969072165 0.11583011583011583 0.14948453608247422
0 0.6718146718146718 0.5051546391752577 0.11969111969111969 0.14948453608247422
0 0.2625482625482625 0.36082474226804123 0.14285714285714285 0.17525773195876287
0 0.7335907335907336 0.6494845360824743 0.12355212355212356 0.14948453608247422
