0 0.36597938144329895 0.3745173745173745 0.21649484536082475 0.16216216216216217
0 0.36597938144329895 0.6872586872586872 0.22164948453608246 0.16602316602316602
0 0.5618556701030928 0.8108108108108109 0.211340206185567 0.18532818532818532
0 0.3402061855670103 0.8648648648648649 0.2268041237113402 0.1776061776061776
0 0.7474226804123711 0.3938223938223938 0.22164948453608246 0.23938223938223938
0 0.12371134020618557 0.7992277992277992 0.25257731958762886 0.1776061776061776
0 0.5721649484536082 0.3166023166023166 0.211340206185567 0.1583011583011583
0 0.5979381443298969 0.16216216216216217 0.20618556701030927 0.15057915057915058
0 0.21649484536082475 0.14285714285714285 0.2422680412371134 0.1891891891891892
0 0.7628865979381443 0.8571428571428571 0.21649484536082475 0.16988416988416988
0 0.6030927835051546 0.6332046332046332 0.20618556701030927 0.1583011583011583
0 0.1958762886597938 0.305019305019305 0.22164948453608246 0.15444015444015444
0 0.36597938144329895 0.528957528957529 0.22164948453608246 0.14285714285714285
0 0.42783505154639173 0.21235521235521235 0.211340206185567 0.16216216216216217
0 0.18041237113402062 0.4555984555984556 0.20103092783505155 0.14671814671814673
0 0.14432989690721648 0.6138996138996139 0.2422680412371134 0.16988416988416988
0 0.7835051546391752 0.20463320463320464 0.1958762886597938 0.13513513513513514
0 0.5515463917525774 0.47876447876447875 0.20103092783505155 0.15057915057915058
