0 0.4484536082474227 0.6332046332046332 0.15979381443298968 0.14285714285714285
0 0.5979381443298969 0.21235521235521235 0.15979381443298968 0.13513513513513514
0 0.14948453608247422 0.3088803088803089 0.13402061855670103 0.13513513513513514
0 0.4536082474226804 0.30115830115830117 0.15463917525773196 0.1274131274131274
0 0.7474226804123711 0.15444015444015444 0.14948453608247422 0.11969111969111969
0 0.13402061855670103 0.8108108108108109 0.17525773195876287 0.14671814671814673
0 0.13917525773195877 0.4555984555984556 0.16494845360824742 0.138996138996139
0 0.29896907216494845 0.37065637065637064 0.14948453608247422 0.13513513513513514
0 0.6030927835051546 0.08108108108108109 0.15463917525773196 0.13127413127413126
0 0.7525773195876289 0.28957528957528955 0.15979381443298968 0.13513513513513514
0 0.28350515463917525 0.7104247104247104 0.14948453608247422 0.1583011583011583
0 0.7628865979381443 0.4555984555984556 0.14948453608247422 0.13513513513513514
0 0.4536082474226804 0.806949806949807 0.17010309278350516 0.138996138996139
0 0.4536082474226804 0.44787644787644787 0.15463917525773196 0.15057915057915058
0 0.6082474226804123 0.3783783783783784 0.15463917525773196 0.13127413127413126
0 0.13917525773195877 0.6254826254826255 0.16494845360824742 0.14671814671814673
0 0.29381443298969073 0.5482625482625483 0.14948453608247422 0.1274131274131274
0 0.7680412371134021 0.6254826254826255 0.17525773195876287 0.13127413127413126
0 0.30412371134020616 0.23166023166023167 0.14948453608247422 0.13127413127413126
0 0.4639175257731959 0.15444015444015444 0.15979381443298968 0.138996138996139
0 0.7783505154639175 0.7799227799227799 0.18556701030927836 0.18146718146718147
0 0.9123711340206185 0.30115830115830117 0.17525773195876287 0.6061776061776062
0 0.6134020618556701 0.6833976833976834 0.15979381443298968 0.138996138996139
0 0.16494845360824742 0.13127413127413126 0.17010309278350516 0.15057915057915058
0 0.6030927835051546 0.5212355212355212 0.14948453608247422 0.1583011583011583
0 0.31958762886597936 0.8957528957528957 0.23195876288659795 0.14671814671814673
