0 0.8088888888888889 0.9155555555555556 0.16 0.1511111111111111
0 0.5111111111111111 0.5688888888888889 0.13333333333333333 0.10666666666666667
0 0.6933333333333334 0.7822222222222223 0.1511111111111111 0.13333333333333333
0 0.22666666666666666 0.9288888888888889 0.16 0.14222222222222222
0 0.6088888888888889 0.92 0.15555555555555556 0.16
0 0.4177777777777778 0.9244444444444444 0.16 0.1511111111111111
0 0.15555555555555556 0.7955555555555556 0.1511111111111111 0.14222222222222222
0 0.7644444444444445 0.6666666666666666 0.14666666666666667 0.1288888888888889
0 0.5155555555555555 0.7866666666666666 0.14222222222222222 0.13333333333333333
0 0.9733333333333334 0.5288888888888889 0.05333333333333334 0.09777777777777778
0 0.8266666666666667 0.56 0.13333333333333333 0.1111111111111111
0 0.6666666666666666 0.5688888888888889 0.13333333333333333 0.10666666666666667
0 0.3333333333333333 0.7911111111111111 0.14666666666666667 0.13333333333333333
0 0.36 0.5733333333333334 0.12444444444444444 0.10666666666666667
0 0.4311111111111111 0.6711111111111111 0.14222222222222222 0.12
0 0.8711111111111111 0.7777777777777778 0.14222222222222222 0.12444444444444444
0 0.19555555555555557 0.5733333333333334 0.14222222222222222 0.11555555555555555
0 0.5955555555555555 0.6666666666666666 0.13777777777777778 0.11555555555555555
0 0.2577777777777778 0.6755555555555556 0.13777777777777778 0.12
0 0.9822222222222222 0.31555555555555553 0.03111111111111111 0.1511111111111111
0 0.9644444444444444 0.4177777777777778 0.07111111111111111 0.05333333333333334
