0 0.49777777777777776 0.4666666666666667 0.1111111111111111 0.1111111111111111
0 0.41333333333333333 0.5333333333333333 0.10222222222222223 0.12
0 0.6755555555555556 0.4711111111111111 0.1111111111111111 0.10222222222222223
0 0.40444444444444444 0.27555555555555555 0.11555555555555555 0.10222222222222223
0 0.3288888888888889 0.3377777777777778 0.10666666666666667 0.10666666666666667
0 0.6666666666666666 0.3422222222222222 0.10666666666666667 0.10222222222222223
0 0.15555555555555556 0.48 0.1111111111111111 0.11555555555555555
0 0.7644444444444445 0.4088888888888889 0.08 0.10222222222222223
0 0.5022222222222222 0.3466666666666667 0.10222222222222223 0.10666666666666667
0 0.7244444444444444 0.28 0.1111111111111111 0.09777777777777778
0 0.8488888888888889 0.47555555555555556 0.1111111111111111 0.11555555555555555
0 0.24 0.5511111111111111 0.12 0.12
0 0.24888888888888888 0.4088888888888889 0.11555555555555555 0.10222222222222223
0 0.5911111111111111 0.4088888888888889 0.10222222222222223 0.10666666666666667
0 0.5955555555555555 0.5555555555555556 0.11555555555555555 0.10666666666666667
0 0.3244444444444444 0.48 0.10222222222222223 0.10666666666666667
0 0.4222222222222222 0.40444444444444444 0.1111111111111111 0.10666666666666667
0 0.8266666666666667 0.3466666666666667 0.10222222222222223 0.09777777777777778
0 0.24888888888888888 0.28 0.10666666666666667 0.09777777777777778
0 0.5777777777777777 0.28 0.09777777777777778 0.09333333333333334
0 0.6888888888888889 0.6088888888888889 0.12 0.09777777777777778
