0 0.6159420289855072 0.39344262295081966 0.17753623188405798 0.1912568306010929
0 0.8043478260869565 0.44808743169398907 0.18478260869565216 0.17486338797814208
0 0.4311594202898551 0.3551912568306011 0.16666666666666666 0.18032786885245902
0 0.5688405797101449 0.5628415300546448 0.19927536231884058 0.16393442622950818
0 0.4782608695652174 0.18032786885245902 0.17753623188405798 0.18579234972677597
0 0.18115942028985507 0.4644808743169399 0.19202898550724637 0.16393442622950818
0 0.37318840579710144 0.5191256830601093 0.18840579710144928 0.17486338797814208
0 0.30434782608695654 0.14207650273224043 0.17391304347826086 0.1912568306010929
0 0.7644927536231884 0.6065573770491803 0.18478260869565216 0.15300546448087432
0 0.2427536231884058 0.3114754098360656 0.17391304347826086 0.18032786885245902
0 0.8478260869565217 0.273224043715847 0.17028985507246377 0.2185792349726776
0 0.6666666666666666 0.20765027322404372 0.18115942028985507 0.20218579234972678
