0 0.5519125683060109 0.2509090909090909 0.20765027322404372 0.12727272727272726
0 0.8360655737704918 0.2545454545454545 0.19672131147540983 0.11636363636363636
0 0.2185792349726776 0.6072727272727273 0.20765027322404372 0.13818181818181818
0 0.4644808743169399 0.3563636363636364 0.18032786885245902 0.11272727272727273
0 0.9234972677595629 0.4581818181818182 0.14754098360655737 0.13090909090909092
0 0.24043715846994534 0.36 0.18579234972677597 0.12363636363636364
0 0.07650273224043716 0.3563636363636364 0.15846994535519127 0.11636363636363636
0 0.73224043715847 0.33090909090909093 0.22950819672131148 0.16727272727272727
0 0.09289617486338798 0.2509090909090909 0.1912568306010929 0.10909090909090909
0 0.6557377049180327 0.48 0.21311475409836064 0.12363636363636364
0 0.912568306010929 0.3490909090909091 0.17486338797814208 0.10181818181818182
