0 0.4166666666666667 0.2714285714285714 0.2722222222222222 0.16071428571428573
0 0.21666666666666667 0.6607142857142857 0.2777777777777778 0.15714285714285714
0 0.8277777777777777 0.7428571428571429 0.22777777777777777 0.14285714285714285
0 0.43333333333333335 0.5892857142857143 0.2388888888888889 0.14642857142857144
0 0.2111111111111111 0.5035714285714286 0.2611111111111111 0.15
0 0.43333333333333335 0.4392857142857143 0.24444444444444444 0.15357142857142858
0 0.8277777777777777 0.4392857142857143 0.24444444444444444 0.15357142857142858
0 0.6388888888888888 0.3678571428571429 0.22777777777777777 0.15
0 0.6166666666666667 0.6714285714285714 0.2222222222222222 0.1392857142857143
0 0.6277777777777778 0.5142857142857142 0.25 0.14642857142857144
0 0.43333333333333335 0.7464285714285714 0.24444444444444444 0.1392857142857143
0 0.8166666666666667 0.6 0.2722222222222222 0.14285714285714285
0 0.22777777777777777 0.19285714285714287 0.25555555555555554 0.15
0 0.2111111111111111 0.3464285714285714 0.2722222222222222 0.14642857142857144
0 0.6333333333333333 0.19285714285714287 0.24444444444444444 0.15357142857142858
0 0.8111111111111111 0.28214285714285714 0.2611111111111111 0.15
0 0.6222222222222222 0.825 0.25555555555555554 0.14285714285714285
0 0.24444444444444444 0.8107142857142857 0.24444444444444444 0.1392857142857143
