0 0.6933333333333334 0.64 0.16444444444444445 0.1511111111111111
0 0.7466666666666667 0.5022222222222222 0.1511111111111111 0.12
0 0.5955555555555555 0.5288888888888889 0.1511111111111111 0.1288888888888889
0 0.6533333333333333 0.4088888888888889 0.1511111111111111 0.1111111111111111
0 0.6311111111111111 0.23555555555555555 0.1111111111111111 0.08
0 0.52 0.4177777777777778 0.1111111111111111 0.10222222222222223
0 0.22666666666666666 0.48 0.12444444444444444 0.1288888888888889
0 0.6977777777777778 0.30666666666666664 0.12444444444444444 0.09777777777777778
0 0.38666666666666666 0.26666666666666666 0.12 0.08888888888888889
0 0.5377777777777778 0.6577777777777778 0.1511111111111111 0.14222222222222222
0 0.8222222222222222 0.29333333333333333 0.11555555555555555 0.09333333333333334
0 0.7466666666666667 0.21777777777777776 0.10666666666666667 0.09777777777777778
0 0.39555555555555555 0.4444444444444444 0.1511111111111111 0.1111111111111111
0 0.5777777777777777 0.32 0.1111111111111111 0.08888888888888889
0 0.44 0.5555555555555556 0.1111111111111111 0.13333333333333333
0 0.7822222222222223 0.38666666666666666 0.13777777777777778 0.11555555555555555
0 0.4622222222222222 0.3333333333333333 0.11555555555555555 0.08888888888888889
0 0.29777777777777775 0.5822222222222222 0.16444444444444445 0.1288888888888889
