0 0.5079365079365079 0.54375 0.13333333333333333 0.24375
0 0.3619047619047619 0.61875 0.12698412698412698 0.2375
0 0.3142857142857143 0.40625 0.11746031746031746 0.2125
0 0.273015873015873 0.23125 0.10476190476190476 0.175
0 0.7365079365079366 0.425 0.10793650793650794 0.20625
0 0.4031746031746032 0.19375 0.10158730158730159 0.175
0 0.5142857142857142 0.16875 0.09523809523809523 0.1625
0 0.6285714285714286 0.4875 0.1111111111111111 0.225
0 0.6698412698412698 0.26875 0.09523809523809523 0.18125
0 0.6095238095238096 0.13125 0.09523809523809523 0.16875
0 0.44761904761904764 0.3625 0.10793650793650794 0.2
