0 0.6 0.28444444444444444 0.1111111111111111 0.10222222222222223
0 0.6755555555555556 0.5555555555555556 0.1111111111111111 0.1111111111111111
0 0.5066666666666667 0.4711111111111111 0.1111111111111111 0.10222222222222223
0 0.49333333333333335 0.28888888888888886 0.1111111111111111 0.10222222222222223
0 0.6266666666666667 0.6577777777777778 0.10666666666666667 0.1111111111111111
0 0.4533333333333333 0.5777777777777777 0.1111111111111111 0.11555555555555555
0 0.56 0.38222222222222224 0.1111111111111111 0.10666666666666667
0 0.3377777777777778 0.5777777777777777 0.12 0.1111111111111111
0 0.38222222222222224 0.29333333333333333 0.10222222222222223 0.10666666666666667
0 0.5688888888888889 0.5688888888888889 0.10666666666666667 0.10666666666666667
0 0.72 0.27555555555555555 0.11555555555555555 0.10222222222222223
0 0.39555555555555555 0.4888888888888889 0.10666666666666667 0.09777777777777778
0 0.6222222222222222 0.4711111111111111 0.10666666666666667 0.10222222222222223
0 0.7377777777777778 0.4666666666666667 0.12444444444444444 0.10222222222222223
0 0.8311111111111111 0.28888888888888886 0.1111111111111111 0.10666666666666667
0 0.6711111111111111 0.37777777777777777 0.10666666666666667 0.10222222222222223
0 0.28 0.68 0.12 0.09777777777777778
0 0.4 0.6755555555555556 0.11555555555555555 0.10666666666666667
0 0.7777777777777778 0.37777777777777777 0.10666666666666667 0.10666666666666667
0 0.27111111111111114 0.3022222222222222 0.12444444444444444 0.11555555555555555
0 0.8533333333333334 0.47555555555555556 0.10222222222222223 0.10666666666666667
0 0.2222222222222222 0.5866666666666667 0.1111111111111111 0.09777777777777778
0 0.4444444444444444 0.38222222222222224 0.10666666666666667 0.10666666666666667
0 0.5155555555555555 0.6755555555555556 0.1111111111111111 0.09777777777777778
