0 0.38181818181818183 0.4098360655737705 0.06909090909090909 0.07650273224043716
0 0.14181818181818182 0.3224043715846995 0.2872727272727273 0.6502732240437158
0 0.5818181818181818 0.15846994535519127 0.6363636363636364 0.3114754098360656
0 0.6 0.7759562841530054 0.10545454545454545 0.12021857923497267
0 0.5745454545454546 0.6557377049180327 0.09090909090909091 0.1092896174863388
0 0.48727272727272725 0.6284153005464481 0.08363636363636363 0.12021857923497267
0 0.37454545454545457 0.3333333333333333 0.06909090909090909 0.07650273224043716
0 0.31272727272727274 0.3879781420765027 0.07636363636363637 0.07650273224043716
0 0.3236363636363636 0.5737704918032787 0.08727272727272728 0.10382513661202186
0 0.31636363636363635 0.46994535519125685 0.06909090909090909 0.10382513661202186
0 0.4109090909090909 0.7103825136612022 0.09454545454545454 0.12021857923497267
0 0.7563636363636363 0.5191256830601093 0.07636363636363637 0.09836065573770492
0 0.4036363636363636 0.5901639344262295 0.08363636363636363 0.12021857923497267
0 0.29454545454545455 0.8360655737704918 0.5890909090909091 0.31693989071038253
0 0.5963636363636363 0.46994535519125685 0.07272727272727272 0.09289617486338798
0 0.45454545454545453 0.41530054644808745 0.07272727272727272 0.09289617486338798
0 0.509090909090909 0.366120218579235 0.06909090909090909 0.06557377049180328
0 0.7018181818181818 0.8142076502732241 0.10545454545454545 0.1366120218579235
0 0.6472727272727272 0.3989071038251366 0.06545454545454546 0.07650273224043716
0 0.5490909090909091 0.5409836065573771 0.07272727272727272 0.10382513661202186
0 0.46545454545454545 0.5136612021857924 0.07272727272727272 0.09836065573770492
0 0.5745454545454546 0.3879781420765027 0.06909090909090909 0.07650273224043716
0 0.3890909090909091 0.4918032786885246 0.07636363636363637 0.09289617486338798
