0 0.5 0.47 0.112 0.112
0 0.242 0.552 0.118 0.12
0 0.418 0.536 0.1 0.118
0 0.328 0.34 0.104 0.108
0 0.406 0.274 0.112 0.106
0 0.678 0.474 0.112 0.112
0 0.504 0.346 0.1 0.106
0 0.668 0.344 0.1 0.106
0 0.248 0.412 0.114 0.104
0 0.25 0.278 0.108 0.106
0 0.594 0.408 0.1 0.106
0 0.756 0.41 0.1 0.102
0 0.85 0.474 0.116 0.118
0 0.326 0.48 0.102 0.11
0 0.158 0.478 0.116 0.118
0 0.578 0.284 0.102 0.096
0 0.724 0.282 0.118 0.1
0 0.592 0.554 0.122 0.112
0 0.828 0.348 0.102 0.1
0 0.162 0.346 0.112 0.106
0 0.422 0.406 0.11 0.108
0 0.694 0.608 0.116 0.096
