0 0.7848958333333333 0.3466666666666667 0.1046875 0.18416666666666667
0 0.2786458333333333 0.19083333333333333 0.1109375 0.1825
0 0.7911458333333333 0.6458333333333334 0.1234375 0.17333333333333334
0 0.43125 0.20166666666666666 0.11875 0.16666666666666666
0 0.2109375 0.3375 0.109375 0.19333333333333333
0 0.571875 0.19666666666666666 0.109375 0.175
0 0.7140625 0.20416666666666666 0.1 0.175
0 0.2796875 0.4825 0.1125 0.17166666666666666
0 0.20052083333333334 0.6366666666666667 0.1046875 0.17583333333333334
0 0.425 0.4825 0.103125 0.18416666666666667
0 0.640625 0.35 0.103125 0.1775
0 0.6484375 0.6383333333333333 0.115625 0.175
0 0.3515625 0.3408333333333333 0.10625 0.17333333333333334
0 0.7192708333333333 0.495 0.1046875 0.18416666666666667
