0 0.41816143497757846 0.27482014388489207 0.27466367713004486 0.15899280575539568
0 0.82847533632287 0.7424460431654676 0.226457399103139 0.13884892086330936
0 0.2163677130044843 0.6611510791366907 0.27914798206278024 0.15467625899280577
0 0.21524663677130046 0.50431654676259 0.2556053811659193 0.14964028776978416
0 0.8239910313901345 0.44100719424460433 0.2399103139013453 0.1510791366906475
0 0.42937219730941706 0.44028776978417267 0.242152466367713 0.15251798561151078
0 0.4349775784753363 0.5913669064748202 0.23878923766816143 0.1446043165467626
0 0.6154708520179372 0.6741007194244605 0.218609865470852 0.13525179856115108
0 0.6300448430493274 0.516546762589928 0.24439461883408073 0.14676258992805755
0 0.6177130044843049 0.3669064748201439 0.2713004484304933 0.14316546762589927
0 0.6300448430493274 0.19352517985611511 0.25112107623318386 0.15251798561151078
0 0.43385650224215244 0.7503597122302158 0.24327354260089687 0.13525179856115108
0 0.22869955156950672 0.19352517985611511 0.2556053811659193 0.14676258992805755
0 0.8195067264573991 0.5985611510791367 0.2701793721973094 0.14172661870503597
0 0.21188340807174888 0.3489208633093525 0.2679372197309417 0.15467625899280577
0 0.8116591928251121 0.2841726618705036 0.2589686098654709 0.15251798561151078
0 0.6233183856502242 0.8244604316546763 0.2589686098654709 0.14316546762589927
0 0.24551569506726456 0.8151079136690648 0.23542600896860988 0.14676258992805755
