0 0.6766666666666666 0.8571428571428571 0.2833333333333333 0.27976190476190477
0 0.44333333333333336 0.8630952380952381 0.18333333333333332 0.26785714285714285
0 0.19333333333333333 0.7261904761904762 0.25666666666666665 0.375
0 0.36 0.5357142857142857 0.23666666666666666 0.2916666666666667
0 0.9 0.4226190476190476 0.19666666666666666 0.2619047619047619
0 0.56 0.19047619047619047 0.19 0.26785714285714285
0 0.5866666666666667 0.5773809523809523 0.21666666666666667 0.38095238095238093
0 0.8133333333333334 0.6547619047619048 0.22333333333333333 0.35119047619047616
0 0.9033333333333333 0.15476190476190477 0.19 0.2976190476190476
0 0.08 0.9285714285714286 0.16 0.13690476190476192
0 0.75 0.23809523809523808 0.2 0.25
0 0.9033333333333333 0.8452380952380952 0.19 0.30952380952380953
0 0.18333333333333332 0.35119047619047616 0.36666666666666664 0.6904761904761905
