0 0.775 0.5142857142857142 0.1357142857142857 0.14642857142857144
0 0.5535714285714286 0.6642857142857143 0.14285714285714285 0.14642857142857144
0 0.7678571428571429 0.3464285714285714 0.1357142857142857 0.1392857142857143
0 0.45 0.42142857142857143 0.13214285714285715 0.1357142857142857
0 0.55 0.5 0.13214285714285715 0.14285714285714285
0 0.3357142857142857 0.4928571428571429 0.1357142857142857 0.1357142857142857
0 0.4357142857142857 0.5785714285714286 0.1392857142857143 0.1392857142857143
0 0.35714285714285715 0.34285714285714286 0.1392857142857143 0.1392857142857143
0 0.7714285714285715 0.6785714285714286 0.14285714285714285 0.15714285714285714
0 0.6607142857142857 0.5857142857142857 0.1392857142857143 0.14642857142857144
0 0.6607142857142857 0.7535714285714286 0.14285714285714285 0.12142857142857143
0 0.3678571428571429 0.20714285714285716 0.12142857142857143 0.11428571428571428
0 0.5607142857142857 0.35 0.1357142857142857 0.125
0 0.42857142857142855 0.7321428571428571 0.14642857142857144 0.125
0 0.31785714285714284 0.6571428571428571 0.13214285714285715 0.14285714285714285
0 0.4785714285714286 0.15714285714285714 0.125 0.11428571428571428
0 0.6642857142857143 0.2857142857142857 0.12142857142857143 0.13214285714285715
0 0.6642857142857143 0.16428571428571428 0.11428571428571428 0.10714285714285714
0 0.6607142857142857 0.43214285714285716 0.1392857142857143 0.125
0 0.46785714285714286 0.2785714285714286 0.12857142857142856 0.11785714285714285
0 0.7607142857142857 0.22142857142857142 0.11785714285714285 0.10357142857142858
0 0.5642857142857143 0.225 0.11071428571428571 0.11428571428571428
