0 0.3295269168026101 0.4087301587301587 0.10929853181076672 0.09126984126984126
0 0.37846655791190864 0.4861111111111111 0.11745513866231648 0.10317460317460317
0 0.43066884176182707 0.5615079365079365 0.13050570962479607 0.1111111111111111
0 0.5725938009787929 0.32341269841269843 0.08156606851549755 0.09126984126984126
0 0.5106035889070146 0.503968253968254 0.11256117455138662 0.1130952380952381
0 0.41272430668841764 0.3630952380952381 0.08482871125611746 0.09722222222222222
0 0.4192495921696574 0.25992063492063494 0.0799347471451876 0.09126984126984126
0 0.2234910277324633 0.40476190476190477 0.10929853181076672 0.09126984126984126
0 0.5203915171288744 0.26785714285714285 0.0929853181076672 0.07936507936507936
0 0.632952691680261 0.2698412698412698 0.06851549755301795 0.08333333333333333
0 0.5742251223491027 0.4305555555555556 0.09787928221859707 0.1130952380952381
0 0.3572593800978793 0.30952380952380953 0.0864600326264274 0.09523809523809523
0 0.11092985318107668 0.46825396825396826 0.18760195758564438 0.0992063492063492
0 0.466557911908646 0.30357142857142855 0.10277324632952692 0.07936507936507936
0 0.6215334420880914 0.1765873015873016 0.07177814029363784 0.07738095238095238
0 0.46492659053833607 0.42857142857142855 0.09461663947797716 0.10317460317460317
