0 0.29333333333333333 0.5088495575221239 0.20666666666666667 0.25663716814159293
0 0.67 0.40707964601769914 0.19 0.2345132743362832
0 0.4866666666666667 0.4557522123893805 0.19666666666666666 0.23893805309734514
0 0.5933333333333334 0.27876106194690264 0.19333333333333333 0.19911504424778761
0 0.4 0.3141592920353982 0.19333333333333333 0.168141592920354
0 0.85 0.3584070796460177 0.19 0.22123893805309736
0 0.5033333333333333 0.168141592920354 0.17 0.17256637168141592
0 0.77 0.2168141592920354 0.18333333333333332 0.18141592920353983
0 0.14666666666666667 0.27876106194690264 0.19666666666666666 0.2610619469026549
0 0.67 0.11061946902654868 0.17666666666666667 0.168141592920354
