0 0.1 0.3732227488151659 0.2 0.3341232227488152
0 0.5546666666666666 0.7529620853080569 0.25616666666666665 0.4375
0 0.7375 0.5873815165876777 0.225 0.365521327014218
0 0.3085 0.678021327014218 0.22966666666666666 0.3684834123222749
0 0.9061666666666667 0.9046208530805687 0.18433333333333332 0.1875
0 0.8835 0.46860189573459715 0.22016666666666668 0.32494075829383884
0 0.29283333333333333 0.4037322274881517 0.21083333333333334 0.25148104265402843
0 0.5038333333333334 0.43898104265402843 0.20466666666666666 0.23430094786729858
0 0.8186666666666667 0.18039099526066352 0.25616666666666665 0.2825829383886256
0 0.9765 0.7577014218009479 0.04683333333333333 0.2248222748815166
0 0.21083333333333334 0.26303317535545023 0.3561666666666667 0.5234004739336493
