0 0.7137809187279152 0.26 0.19081272084805653 0.116
0 0.22968197879858657 0.8 0.19434628975265017 0.12
0 0.4028268551236749 0.718 0.19081272084805653 0.104
0 0.8621908127208481 0.338 0.21201413427561838 0.104
0 0.5618374558303887 0.332 0.19434628975265017 0.116
0 0.40636042402826855 0.566 0.1978798586572438 0.106
0 0.24734982332155478 0.634 0.21201413427561838 0.112
0 0.7173144876325088 0.562 0.20141342756183744 0.108
0 0.558303886925795 0.178 0.17667844522968199 0.12
0 0.7173144876325088 0.414 0.19434628975265017 0.104
0 0.4098939929328622 0.25 0.19081272084805653 0.118
0 0.6996466431095406 0.72 0.18374558303886926 0.11
0 0.8657243816254417 0.642 0.1978798586572438 0.102
0 0.4028268551236749 0.41 0.19434628975265017 0.106
0 0.8692579505300353 0.194 0.14487632508833923 0.106
0 0.2508833922261484 0.49 0.20848056537102475 0.098
0 0.26501766784452296 0.164 0.20848056537102475 0.12
0 0.5653710247349824 0.642 0.1872791519434629 0.1
0 0.23674911660777384 0.328 0.20141342756183744 0.114
0 0.5547703180212014 0.492 0.18021201413427562 0.1
0 0.8692579505300353 0.492 0.1978798586572438 0.096
0 0.5512367491166078 0.796 0.2049469964664311 0.114
0 0.8445229681978799 0.8 0.1872791519434629 0.096
