0 0.4533333333333333 0.634 0.16533333333333333 0.148
0 0.136 0.81 0.176 0.152
0 0.14666666666666667 0.31 0.144 0.138
0 0.6026666666666667 0.08 0.152 0.132
0 0.288 0.712 0.14933333333333335 0.164
0 0.4533333333333333 0.806 0.17333333333333334 0.138
0 0.6 0.216 0.16533333333333333 0.134
0 0.4533333333333333 0.304 0.14933333333333335 0.128
0 0.608 0.378 0.16266666666666665 0.132
0 0.45066666666666666 0.452 0.15733333333333333 0.152
0 0.7626666666666667 0.458 0.15466666666666667 0.136
0 0.304 0.234 0.16266666666666665 0.14
0 0.7466666666666667 0.158 0.16 0.126
0 0.30133333333333334 0.378 0.16533333333333333 0.13
0 0.144 0.456 0.168 0.142
0 0.30133333333333334 0.546 0.16533333333333333 0.134
0 0.144 0.624 0.17066666666666666 0.15
0 0.7626666666666667 0.626 0.184 0.134
0 0.31733333333333336 0.894 0.216 0.15
0 0.16533333333333333 0.146 0.18133333333333335 0.13
0 0.7546666666666667 0.3 0.15733333333333333 0.14
0 0.4613333333333333 0.156 0.15733333333333333 0.146
0 0.776 0.786 0.18666666666666668 0.17
0 0.6026666666666667 0.524 0.152 0.158
0 0.616 0.684 0.168 0.146
0 0.30133333333333334 0.074 0.176 0.14
0 0.904 0.308 0.184 0.616
