0 0.30533333333333335 0.44571428571428573 0.10133333333333333 0.13523809523809524
0 0.576 0.4228571428571429 0.09666666666666666 0.12761904761904763
0 0.672 0.4695238095238095 0.09466666666666666 0.10761904761904761
0 0.6646666666666666 0.2723809523809524 0.08866666666666667 0.08571428571428572
0 0.664 0.3638095238095238 0.08733333333333333 0.1
0 0.4066666666666667 0.29523809523809524 0.08866666666666667 0.09333333333333334
0 0.49133333333333334 0.37142857142857144 0.08266666666666667 0.12476190476190477
0 0.6753333333333333 0.5904761904761905 0.10466666666666667 0.14285714285714285
0 0.316 0.3342857142857143 0.08533333333333333 0.09142857142857143
0 0.492 0.2619047619047619 0.08066666666666666 0.09619047619047619
0 0.21866666666666668 0.3914285714285714 0.09333333333333334 0.12761904761904763
0 0.4106666666666667 0.2057142857142857 0.08066666666666666 0.07809523809523809
0 0.7526666666666667 0.32095238095238093 0.08733333333333333 0.09333333333333334
0 0.762 0.41523809523809524 0.09 0.09333333333333334
0 0.578 0.31142857142857144 0.084 0.08857142857142856
0 0.402 0.4038095238095238 0.092 0.12476190476190477
0 0.5753333333333334 0.2219047619047619 0.07933333333333334 0.09142857142857143
0 0.772 0.5304761904761904 0.10466666666666667 0.14
0 0.49266666666666664 0.17904761904761904 0.076 0.06857142857142857
0 0.8506666666666667 0.39714285714285713 0.092 0.12571428571428572
0 0.23666666666666666 0.28476190476190477 0.092 0.09523809523809523
0 0.41733333333333333 0.12857142857142856 0.07933333333333334 0.0761904761904762
0 0.3253333333333333 0.23523809523809525 0.08533333333333333 0.1
