0 0.3148148148148148 0.4072727272727273 0.11666666666666667 0.2109090909090909
0 0.362962962962963 0.6181818181818182 0.12962962962962962 0.23636363636363636
0 0.5092592592592593 0.5454545454545454 0.13333333333333333 0.24
0 0.7351851851851852 0.4290909090909091 0.11296296296296296 0.20363636363636364
0 0.2740740740740741 0.23272727272727273 0.10555555555555556 0.17454545454545456
0 0.40370370370370373 0.19636363636363635 0.1037037037037037 0.1781818181818182
0 0.512962962962963 0.16727272727272727 0.09259259259259259 0.16363636363636364
0 0.6296296296296297 0.48727272727272725 0.10925925925925926 0.22545454545454546
0 0.6092592592592593 0.13090909090909092 0.09259259259259259 0.16363636363636364
0 0.4462962962962963 0.36363636363636365 0.10925925925925926 0.20727272727272728
0 0.6685185185185185 0.2727272727272727 0.1 0.1781818181818182
0 0.5666666666666667 0.31272727272727274 0.1037037037037037 0.19272727272727272
