0 0.49583333333333335 0.8700564971751412 0.24791666666666667 0.2598870056497175
0 0.15625 0.17796610169491525 0.17708333333333334 0.17796610169491525
0 0.66875 0.4858757062146893 0.19166666666666668 0.2570621468926554
0 0.9041666666666667 0.8757062146892656 0.19166666666666668 0.24858757062146894
0 0.275 0.768361581920904 0.225 0.2909604519774011
0 0.09375 0.8898305084745762 0.18333333333333332 0.21468926553672316
0 0.6958333333333333 0.768361581920904 0.21875 0.2937853107344633
0 0.10625 0.6271186440677966 0.21041666666666667 0.2598870056497175
0 0.29583333333333334 0.4689265536723164 0.21041666666666667 0.23163841807909605
0 0.78125 0.1553672316384181 0.18125 0.1638418079096045
0 0.46458333333333335 0.1638418079096045 0.1625 0.1807909604519774
0 0.3125 0.2570621468926554 0.17083333333333334 0.17231638418079095
0 0.48541666666666666 0.5903954802259888 0.22291666666666668 0.2740112994350282
0 0.6375 0.2570621468926554 0.175 0.20903954802259886
0 0.31875 0.0847457627118644 0.15208333333333332 0.1638418079096045
0 0.48125 0.3531073446327684 0.19166666666666668 0.1864406779661017
0 0.8729166666666667 0.596045197740113 0.19375 0.2401129943502825
0 0.12291666666666666 0.3757062146892655 0.18958333333333333 0.2062146892655367
0 0.8104166666666667 0.3531073446327684 0.19166666666666668 0.22033898305084745
0 0.6145833333333334 0.07627118644067797 0.16458333333333333 0.1384180790960452
0 0.75 0.031073446327683617 0.14375 0.062146892655367235
0 0.7166666666666667 0.9689265536723164 0.23541666666666666 0.05649717514124294
