0 0.678125 0.21302083333333333 0.125 0.1515625
0 0.51875 0.21145833333333333 0.128125 0.1640625
0 0.84375 0.2109375 0.15 0.175
0 0.34453125 0.20364583333333333 0.1296875 0.1609375
0 0.909375 0.3609375 0.1375 0.15625
0 0.89140625 0.6505208333333333 0.1421875 0.1578125
0 0.1703125 0.190625 0.146875 0.16875
0 0.75859375 0.37083333333333335 0.1296875 0.1578125
0 0.1046875 0.3546875 0.153125 0.165625
0 0.43359375 0.3703125 0.1265625 0.159375
0 0.26328125 0.3609375 0.1390625 0.16875
0 0.73359375 0.6520833333333333 0.1234375 0.1453125
0 0.13046875 0.6317708333333333 0.1328125 0.1484375
0 0.27421875 0.6421875 0.1203125 0.15
0 0.35234375 0.509375 0.1203125 0.15625
0 0.51328125 0.509375 0.1296875 0.159375
0 0.67421875 0.50625 0.1171875 0.153125
0 0.6625 0.7890625 0.125 0.15625
0 0.58984375 0.35989583333333336 0.1296875 0.1609375
0 0.1921875 0.5 0.128125 0.15
0 0.81640625 0.5114583333333333 0.1296875 0.1515625
0 0.50078125 0.7734375 0.1046875 0.146875
0 0.584375 0.6442708333333333 0.121875 0.1453125
0 0.4296875 0.6453125 0.1125 0.15
