0 0.4166666666666667 0.909967845659164 0.16 0.15112540192926044
0 0.22666666666666666 0.9163987138263665 0.16 0.14790996784565916
0 0.6933333333333334 0.7717041800643086 0.15 0.13183279742765272
0 0.9733333333333334 0.5273311897106109 0.05333333333333334 0.09646302250803858
0 0.61 0.9067524115755627 0.15333333333333332 0.15434083601286175
0 0.7633333333333333 0.662379421221865 0.15 0.12218649517684887
0 0.5133333333333333 0.77491961414791 0.14 0.12540192926045016
0 0.5133333333333333 0.5627009646302251 0.13333333333333333 0.10610932475884244
0 0.3566666666666667 0.5691318327974276 0.12666666666666668 0.10289389067524116
0 0.33666666666666667 0.7813504823151125 0.14666666666666667 0.12861736334405144
0 0.5966666666666667 0.6591639871382636 0.14 0.11254019292604502
0 0.6666666666666666 0.5627009646302251 0.13 0.09967845659163987
0 0.8733333333333333 0.7652733118971061 0.14 0.12540192926045016
0 0.15666666666666668 0.7813504823151125 0.14666666666666667 0.13183279742765272
0 0.8066666666666666 0.8971061093247589 0.16 0.15112540192926044
0 0.8233333333333334 0.5594855305466238 0.13333333333333333 0.10610932475884244
0 0.19333333333333333 0.5691318327974276 0.14 0.10610932475884244
0 0.26 0.6688102893890675 0.14 0.1189710610932476
0 0.43 0.662379421221865 0.13666666666666666 0.11254019292604502
0 0.9866666666666667 0.3247588424437299 0.02666666666666667 0.13183279742765272
