0 0.4961832061068702 0.8704663212435233 0.2480916030534351 0.25906735751295334
0 0.0916030534351145 0.8860103626943006 0.183206106870229 0.22279792746113988
0 0.6946564885496184 0.7668393782383419 0.22137404580152673 0.29533678756476683
0 0.15267175572519084 0.18134715025906736 0.17938931297709923 0.17616580310880828
0 0.6717557251908397 0.48704663212435234 0.19083969465648856 0.25906735751295334
0 0.9007633587786259 0.8756476683937824 0.1946564885496183 0.24870466321243523
0 0.46564885496183206 0.16580310880829016 0.16030534351145037 0.18652849740932642
0 0.29389312977099236 0.46632124352331605 0.21374045801526717 0.22797927461139897
0 0.4847328244274809 0.5906735751295337 0.22137404580152673 0.2694300518134715
0 0.30916030534351147 0.25906735751295334 0.1717557251908397 0.17098445595854922
0 0.27099236641221375 0.7668393782383419 0.23282442748091603 0.29015544041450775
0 0.10687022900763359 0.6269430051813472 0.20610687022900764 0.25906735751295334
0 0.8740458015267175 0.5958549222797928 0.1984732824427481 0.23834196891191708
0 0.12213740458015267 0.37823834196891193 0.18702290076335878 0.21243523316062177
0 0.6335877862595419 0.2538860103626943 0.17938931297709923 0.21243523316062177
0 0.7824427480916031 0.15544041450777202 0.17557251908396945 0.16062176165803108
0 0.31679389312977096 0.08808290155440414 0.14885496183206107 0.16580310880829016
0 0.48091603053435117 0.35233160621761656 0.18702290076335878 0.18652849740932642
0 0.8091603053435115 0.35751295336787564 0.19083969465648856 0.23316062176165803
0 0.6221374045801527 0.07772020725388601 0.16030534351145037 0.13989637305699482
0 0.7137404580152672 0.9637305699481865 0.22137404580152673 0.06735751295336788
