0 0.40371621621621623 0.11811023622047244 0.12837837837837837 0.18110236220472442
0 0.7922297297297297 0.11023622047244094 0.14358108108108109 0.2020997375328084
0 0.5996621621621622 0.12073490813648294 0.12837837837837837 0.19160104986876642
0 0.20777027027027026 0.11811023622047244 0.13682432432432431 0.1942257217847769
0 0.10135135135135136 0.2545931758530184 0.14695945945945946 0.2125984251968504
0 0.597972972972973 0.4068241469816273 0.13344594594594594 0.2204724409448819
0 0.40371621621621623 0.4094488188976378 0.13513513513513514 0.2204724409448819
0 0.8952702702702703 0.25984251968503935 0.14189189189189189 0.2125984251968504
0 0.19932432432432431 0.4068241469816273 0.14358108108108109 0.2230971128608924
0 0.4983108108108108 0.2572178477690289 0.13175675675675674 0.19160104986876642
0 0.30067567567567566 0.2650918635170604 0.13006756756756757 0.19160104986876642
